run	ms
1	341
2	311
3	279
4	209
5	204
6	148
7	219
8	171
9	180
10	179
11	185
12	179
13	195
14	168
15	167
16	156
17	158
18	156
19	125
20	167
21	197
22	141
23	181
24	196
25	126
26	149
27	119
28	136
29	143
30	132
31	129
32	108
33	128
34	147
35	152
36	160
37	163
38	138
39	132
40	157
41	230
42	120
43	134
44	201
45	160
46	183
47	138
48	144
49	120
50	134
51	156
52	142
53	126
54	144
55	162
56	214
57	115
58	127
59	224
60	119
61	136
62	108
63	112
64	126
65	107
66	106
67	127
68	175
69	169
70	114
71	100
72	120
73	126
74	121
75	125
76	128
77	115
78	121
79	117
80	149
81	132
82	139
83	129
84	108
85	116
86	125
87	155
88	104
89	103
90	118
91	127
92	117
93	113
94	108
95	110
96	160
97	128
98	145
99	127
100	141
101	137
102	135
103	114
104	116
105	126
106	126
107	125
108	131
109	122
110	139
111	124
112	109
113	125
114	108
115	148
116	160
117	162
118	112
119	117
120	154
121	199
122	127
123	121
124	125
125	117
126	114
127	135
128	214
129	171
130	122
131	121
132	113
133	111
134	121
135	120
136	131
137	129
138	150
139	171
140	139
141	164
142	148
143	144
144	155
145	159
146	136
147	155
148	125
149	112
150	119
151	130
152	147
153	123
154	136
155	119
156	114
157	123
158	119
159	137
160	126
161	138
162	138
163	138
164	119
165	108
166	152
167	127
168	130
169	121
170	114
171	116
172	130
173	128
174	116
175	116
176	114
177	104
178	127
179	108
180	116
181	152
182	143
183	129
184	134
185	120
186	117
187	119
188	118
189	160
190	120
191	109
192	108
193	103
194	114
195	125
196	117
197	110
198	125
199	136
200	147
201	111
202	116
203	105
204	116
205	143
206	128
207	125
208	102
209	115
210	112
211	105
212	122
213	121
214	133
215	127
216	122
217	117
218	133
219	110
220	118
221	126
222	110
223	116
224	130
225	115
226	112
227	109
228	116
229	124
230	112
231	112
232	106
233	114
234	121
235	102
236	116
237	106
238	106
239	114
240	112
241	136
242	148
243	126
244	116
245	109
246	123
247	146
248	128
249	103
250	118
251	112
252	111
253	127
254	112
255	106
256	121
257	123
258	107
259	118
260	105
261	169
262	140
263	182
264	151
265	118
266	120
267	148
268	124
269	112
270	128
271	124
272	162
273	123
274	118
275	118
276	106
277	105
278	106
279	113
280	104
281	115
282	110
283	109
284	120
285	126
286	100
287	115
288	121
289	108
290	116
291	107
292	106
293	112
294	111
295	117
296	181
297	117
298	122
299	110
300	109
301	101
302	103
303	121
304	106
305	103
306	126
307	99
308	111
309	105
310	114
311	111
312	108
313	100
314	109
315	117
316	111
317	244
318	102
319	98
320	113
321	148
322	126
323	140
324	104
325	111
326	149
327	109
328	101
329	113
330	103
331	104
332	97
333	97
334	101
335	104
336	103
337	102
338	102
339	98
340	100
341	102
342	109
343	100
344	95
345	117
346	110
347	107
348	103
349	105
350	109
351	107
352	114
353	112
354	121
355	119
356	109
357	132
358	105
359	126
360	153
361	121
362	118
363	108
364	127
365	132
366	146
367	109
368	110
369	111
370	121
371	105
372	101
373	120
374	105
375	102
376	115
377	115
378	122
379	128
380	122
381	122
382	132
383	149
384	119
385	115
386	117
387	106
388	122
389	136
390	114
391	108
392	100
393	127
394	113
395	155
396	121
397	140
398	108
399	105
400	113
401	98
402	98
403	109
404	96
405	107
406	121
407	102
408	122
409	107
410	107
411	110
412	110
413	108
414	103
415	108
416	113
417	123
418	110
419	102
420	112
421	111
422	107
423	119
424	116
425	111
426	102
427	105
428	109
429	100
430	103
431	102
432	98
433	104
434	99
435	102
436	133
437	102
438	215
439	106
440	138
441	102
442	100
443	110
444	109
445	113
446	108
447	118
448	147
449	106
450	107
451	91
452	91
453	93
454	101
455	92
456	120
457	111
458	107
459	103
460	123
461	109
462	111
463	111
464	103
465	102
466	101
467	104
468	99
469	100
470	99
471	95
472	95
473	100
474	102
475	100
476	95
477	95
478	95
479	98
480	110
481	105
482	122
483	116
484	115
485	104
486	115
487	106
488	103
489	98
490	113
491	98
492	101
493	106
494	91
495	100
496	107
497	102
498	108
499	124
500	135
501	133
502	112
503	117
504	100
505	102
506	104
507	97
508	102
509	114
510	113
511	107
512	125
513	105
514	103
515	93
516	94
517	166
518	108
519	110
520	101
521	95
522	103
523	99
524	100
525	110
526	117
527	102
528	104
529	110
530	102
531	113
532	107
533	111
534	103
535	89
536	90
537	105
538	121
539	129
540	125
541	129
542	111
543	103
544	115
545	99
546	111
547	128
548	122
549	118
550	94
551	121
552	119
553	131
554	97
555	108
556	102
557	117
558	122
559	101
560	103
561	96
562	101
563	105
564	104
565	106
566	115
567	132
568	164
569	139
570	146
571	118
572	132
573	142
574	143
575	151
576	145
577	116
578	123
579	106
580	101
581	111
582	98
583	100
584	122
585	110
586	137
587	145
588	156
589	174
590	107
591	118
592	103
593	104
594	129
595	135
596	130
597	134
598	104
599	118
600	104
601	114
602	116
603	123
604	119
605	115
606	131
607	127
608	125
609	113
610	121
611	121
612	102
613	111
614	99
615	114
616	97
617	103
618	107
619	104
620	110
621	113
622	118
623	113
624	106
625	113
626	130
627	126
628	124
629	107
630	126
631	109
632	105
633	113
634	109
635	102
636	98
637	149
638	118
639	111
640	106
641	113
642	134
643	153
644	129
645	127
646	126
647	133
648	133
649	122
650	109
651	106
652	98
653	107
654	115
655	107
656	111
657	109
658	101
659	107
660	113
661	107
662	111
663	121
664	112
665	131
666	105
667	113
668	113
669	119
670	127
671	122
672	134
673	115
674	109
675	109
676	130
677	114
678	108
679	101
680	116
681	113
682	107
683	93
684	101
685	99
686	150
687	253
688	224
689	118
690	111
691	124
692	101
693	140
694	122
695	118
696	108
697	112
698	103
699	108
700	116
701	109
702	115
703	104
704	109
705	101
706	106
707	107
708	106
709	108
710	98
711	120
712	109
713	98
714	116
715	119
716	112
717	103
718	126
719	155
720	122
721	115
722	109
723	113
724	110
725	103
726	105
727	100
728	109
729	109
730	101
731	99
732	106
733	111
734	128
735	103
736	127
737	94
738	94
739	109
740	104
741	109
742	115
743	119
744	132
745	122
746	114
747	136
748	132
749	121
750	119
751	131
752	117
753	120
754	103
755	105
756	118
757	117
758	123
759	118
760	119
761	114
762	100
763	107
764	106
765	113
766	110
767	98
768	111
769	122
770	112
771	107
772	107
773	112
774	112
775	103
776	110
777	104
778	102
779	96
780	98
781	97
782	101
783	103
784	118
785	108
786	103
787	102
788	108
789	94
790	108
791	95
792	100
793	98
794	99
795	98
796	90
797	90
798	89
799	90
800	92
801	100
802	93
803	89
804	99
805	109
806	105
807	106
808	173
809	122
810	100
811	105
812	99
813	98
814	99
815	103
816	102
817	98
818	101
819	102
820	120
821	125
822	108
823	95
824	105
825	109
826	103
827	111
828	96
829	88
830	102
831	102
832	108
833	99
834	100
835	96
836	99
837	106
838	94
839	98
840	103
841	97
842	110
843	120
844	110
845	117
846	99
847	97
848	96
849	104
850	108
851	105
852	117
853	101
854	118
855	139
856	138
857	112
858	133
859	114
860	111
861	101
862	101
863	109
864	100
865	108
866	111
867	104
868	125
869	118
870	93
871	98
872	93
873	97
874	128
875	144
876	126
877	112
878	122
879	103
880	113
881	105
882	111
883	177
884	108
885	105
886	108
887	104
888	123
889	117
890	108
891	114
892	131
893	128
894	106
895	102
896	106
897	104
898	99
899	94
900	102
901	97
902	95
903	97
904	108
905	116
906	94
907	99
908	104
909	108
910	92
911	97
912	102
913	127
914	113
915	137
916	118
917	108
918	111
919	108
920	100
921	109
922	95
923	100
924	97
925	96
926	126
927	100
928	112
929	105
930	103
931	96
932	101
933	91
934	114
935	106
936	128
937	106
938	107
939	100
940	95
941	96
942	107
943	112
944	99
945	102
946	101
947	111
948	102
949	100
950	101
951	120
952	115
953	196
954	126
955	126
956	164
957	105
958	108
959	95
960	100
961	111
962	111
963	97
964	96
965	104
966	104
967	109
968	107
969	104
970	115
971	114
972	112
973	113
974	114
975	101
976	107
977	115
978	108
979	126
980	120
981	137
982	113
983	104
984	112
985	112
986	91
987	99
988	108
989	96
990	96
991	99
992	106
993	111
994	103
995	101
996	103
997	100
998	100
999	97
1000	111
