run	ms
1	933
2	907
3	814
4	707
5	680
6	866
7	835
8	832
9	681
10	907
11	1216
12	1146
13	763
14	761
15	653
16	511
17	622
18	1145
19	1174
20	1795
21	1443
22	1100
23	887
24	725
25	726
26	760
27	947
28	903
29	595
30	718
31	535
32	583
33	474
34	546
35	523
36	592
37	439
38	445
39	418
40	382
41	493
42	485
43	470
44	408
45	464
46	466
47	500
48	348
49	1417
50	485
51	424
52	556
53	497
54	579
55	515
56	452
57	599
58	424
59	654
60	977
61	724
62	554
63	904
64	1018
65	1393
66	673
67	577
68	621
69	983
70	735
71	669
72	503
73	594
74	647
75	630
76	623
77	466
78	491
79	544
80	898
81	523
82	633
83	530
84	454
85	414
86	529
87	609
88	734
89	466
90	481
91	378
92	380
93	649
94	565
95	490
96	420
97	456
98	394
99	374
100	570
101	440
102	493
103	521
104	529
105	549
106	485
107	471
108	441
109	395
110	420
111	503
112	447
113	537
114	578
115	553
116	896
117	1441
118	1190
119	1232
120	1272
121	1686
122	1128
123	811
124	1128
125	814
126	890
127	756
128	766
129	660
130	602
131	760
132	690
133	527
134	653
135	610
136	491
137	527
138	760
139	1131
140	860
141	837
142	1184
143	896
144	1000
145	1182
146	1237
147	533
148	743
149	1377
150	642
151	1133
152	519
153	855
154	1057
155	841
156	1814
157	1702
158	445
159	538
160	1339
161	1036
162	880
163	539
164	586
165	1382
166	855
167	414
168	562
169	786
170	426
171	723
172	1478
173	538
174	858
175	899
176	725
177	1152
178	713
179	862
180	593
181	952
182	596
183	1597
184	1768
185	1100
186	886
187	848
188	844
189	591
190	609
191	727
192	478
193	861
194	477
195	409
196	926
197	390
198	519
199	557
200	383
201	395
202	574
203	782
204	637
205	607
206	751
207	387
208	604
209	494
210	529
211	370
212	623
213	797
214	414
215	356
216	380
217	413
218	432
219	996
220	1284
221	508
222	874
223	427
224	630
225	556
226	862
227	757
228	688
229	718
230	879
231	450
232	600
233	904
234	899
235	592
236	453
237	529
238	633
239	559
240	490
241	612
242	572
243	632
244	440
245	478
246	767
247	1896
248	1392
249	749
250	547
251	724
252	508
253	527
254	676
255	761
256	608
257	1042
258	1016
259	1233
260	452
261	593
262	815
263	725
264	447
265	682
266	701
267	437
268	494
269	497
270	555
271	564
272	406
273	1507
274	1474
275	1164
276	903
277	650
278	658
279	617
280	547
281	563
282	888
283	841
284	406
285	505
286	517
287	435
288	437
289	452
290	710
291	788
292	387
293	459
294	427
295	355
296	392
297	359
298	373
299	396
300	379
301	344
302	398
303	372
304	500
305	397
306	406
307	377
308	355
309	362
310	429
311	553
312	443
313	397
314	343
315	378
316	560
317	627
318	513
319	1131
320	405
321	414
322	423
323	470
324	415
325	472
326	523
327	461
328	490
329	458
330	360
331	368
332	421
333	426
334	405
335	370
336	473
337	580
338	412
339	370
340	419
341	397
342	364
343	428
344	378
345	371
346	440
347	347
348	375
349	402
350	414
351	731
352	985
353	540
354	963
355	391
356	359
357	374
358	355
359	363
360	356
361	351
362	325
363	357
364	309
365	343
366	319
367	384
368	373
369	392
370	371
371	639
372	645
373	607
374	567
375	987
376	431
377	1511
378	526
379	602
380	474
381	386
382	401
383	377
384	427
385	455
386	673
387	668
388	432
389	449
390	2292
391	2952
392	2458
393	2778
394	8548
395	1060
396	1004
397	575
398	537
399	438
400	477
401	548
402	646
403	491
404	527
405	498
406	796
407	557
408	533
409	472
410	425
411	627
412	726
413	465
414	413
415	556
416	504
417	480
418	453
419	439
420	540
421	461
422	452
423	395
424	420
425	466
426	694
427	595
428	375
429	881
430	868
431	728
432	830
433	759
434	635
435	640
436	591
437	480
438	988
439	811
440	845
441	910
442	923
443	466
444	511
445	842
446	837
447	717
448	795
449	925
450	851
451	2051
452	1214
453	1134
454	1148
455	3417
456	770
457	1119
458	2930
459	630
460	530
461	604
462	754
463	767
464	699
465	1310
466	1299
467	1314
468	2940
469	561
470	517
471	958
472	3270
473	810
474	685
475	1569
476	2296
477	493
478	501
479	534
480	2822
481	634
482	1022
483	2981
484	831
485	582
486	571
487	2354
488	1153
489	3344
490	1526
491	1756
492	2370
493	476
494	544
495	451
496	546
497	454
498	612
499	1860
500	835
501	898
502	1340
503	1504
504	1385
505	1399
506	1812
507	691
508	2700
509	739
510	1201
511	1015
512	907
513	986
514	1062
515	1668
516	947
517	861
518	1252
519	860
520	834
521	1033
522	890
523	946
524	1210
525	1103
526	1356
527	3130
528	897
529	747
530	2554
531	615
532	712
533	1514
534	1319
535	1130
536	1105
537	654
538	513
539	570
540	2210
541	1822
542	799
543	651
544	779
545	879
546	1663
547	824
548	604
549	3367
550	890
551	847
552	1931
553	956
554	875
555	1511
556	629
557	732
558	686
559	663
560	756
561	615
562	875
563	662
564	605
565	651
566	1033
567	605
568	577
569	553
570	453
571	590
572	536
573	1180
574	875
575	714
576	723
577	547
578	571
579	711
580	469
581	930
582	972
583	929
584	689
585	786
586	696
587	741
588	1414
589	925
590	1132
591	536
592	541
593	632
594	638
595	715
596	562
597	765
598	666
599	841
600	890
601	700
602	623
603	609
604	651
605	899
606	603
607	609
608	441
609	484
610	857
611	623
612	1775
613	429
614	499
615	571
616	553
617	516
618	507
619	1090
620	785
621	2710
622	349
623	422
624	437
625	401
626	362
627	339
628	342
629	378
630	454
631	521
632	421
633	476
634	926
635	689
636	564
637	547
638	446
639	470
640	580
641	726
642	449
643	379
644	439
645	484
646	446
647	380
648	376
649	359
650	345
651	455
652	383
653	357
654	353
655	377
656	382
657	397
658	379
659	469
660	424
661	417
662	507
663	527
664	1213
665	475
666	395
667	690
668	606
669	585
670	515
671	1141
672	540
673	427
674	594
675	525
676	461
677	351
678	514
679	552
680	679
681	692
682	610
683	524
684	552
685	645
686	461
687	468
688	529
689	495
690	516
691	621
692	769
693	759
694	425
695	383
696	358
697	544
698	581
699	573
700	408
701	388
702	410
703	336
704	419
705	384
706	413
707	387
708	334
709	378
710	366
711	287
712	348
713	330
714	309
715	444
716	360
717	541
718	759
719	484
720	583
721	503
722	423
723	445
724	492
725	357
726	368
727	508
728	522
729	623
730	711
731	558
732	579
733	628
734	548
735	379
736	380
737	408
738	366
739	378
740	414
741	381
742	384
743	436
744	618
745	393
746	639
747	598
748	421
749	352
750	361
751	376
752	419
753	345
754	393
755	404
756	1588
757	5024
758	3110
759	10296
760	612
761	720
762	846
763	893
764	940
765	634
766	753
767	1064
768	592
769	584
770	752
771	553
772	629
773	625
774	752
775	721
776	523
777	514
778	843
779	481
780	693
781	606
782	527
783	878
784	493
785	545
786	465
787	1255
788	730
789	670
790	555
791	628
792	574
793	533
794	604
795	617
796	1208
797	445
798	407
799	449
800	476
801	635
802	584
803	479
804	491
805	671
806	650
807	439
808	466
809	442
810	472
811	466
812	669
813	574
814	657
815	556
816	416
817	407
818	419
819	401
820	393
821	465
822	445
823	473
824	542
825	480
826	572
827	1089
828	688
829	422
830	413
831	445
832	785
833	1335
834	1354
835	459
836	436
837	379
838	355
839	738
840	363
841	391
842	369
843	368
844	457
845	459
846	410
847	381
848	401
849	360
850	344
851	424
852	492
853	490
854	426
855	462
856	428
857	356
858	411
859	408
860	345
861	373
862	433
863	451
864	362
865	376
866	399
867	394
868	454
869	503
870	612
871	512
872	427
873	500
874	495
875	433
876	538
877	473
878	582
879	614
880	397
881	482
882	429
883	420
884	586
885	459
886	455
887	492
888	462
889	482
890	562
891	477
892	474
893	418
894	413
895	444
896	362
897	624
898	593
899	457
900	864
901	465
902	487
903	403
904	387
905	555
906	384
907	454
908	434
909	425
910	463
911	390
912	372
913	408
914	413
915	387
916	359
917	535
918	995
919	376
920	389
921	341
922	411
923	398
924	371
925	381
926	1022
927	350
928	420
929	382
930	392
931	382
932	412
933	358
934	347
935	507
936	914
937	1062
938	1415
939	375
940	413
941	399
942	344
943	486
944	1114
945	402
946	495
947	1145
948	915
949	516
950	521
951	499
952	574
953	597
954	472
955	531
956	567
957	602
958	565
959	500
960	494
961	497
962	441
963	438
964	748
965	385
966	531
967	548
968	508
969	506
970	434
971	424
972	460
973	445
974	528
975	381
976	394
977	439
978	414
979	460
980	452
981	424
982	503
983	390
984	387
985	387
986	475
987	466
988	461
989	469
990	363
991	474
992	635
993	482
994	695
995	675
996	454
997	461
998	483
999	398
1000	337
