run	ms
1	354
2	270
3	271
4	231
5	415
6	248
7	200
8	200
9	192
10	227
11	186
12	203
13	180
14	173
15	192
16	251
17	192
18	185
19	186
20	184
21	174
22	186
23	157
24	167
25	173
26	170
27	176
28	174
29	177
30	331
31	410
32	175
33	164
34	156
35	166
36	162
37	189
38	192
39	175
40	181
41	170
42	151
43	208
44	151
45	153
46	154
47	184
48	185
49	165
50	156
51	141
52	144
53	162
54	139
55	158
56	174
57	167
58	149
59	182
60	347
61	187
62	379
63	174
64	271
65	169
66	238
67	160
68	175
69	182
70	234
71	172
72	157
73	160
74	151
75	153
76	152
77	158
78	148
79	164
80	160
81	163
82	158
83	180
84	150
85	144
86	156
87	151
88	143
89	144
90	149
91	498
92	464
93	150
94	150
95	152
96	164
97	170
98	165
99	164
100	170
101	154
102	140
103	148
104	151
105	161
106	152
107	143
108	152
109	152
110	157
111	169
112	224
113	163
114	162
115	156
116	153
117	144
118	141
119	146
120	142
121	147
122	149
123	162
124	142
125	147
126	171
127	162
128	176
129	143
130	148
131	143
132	166
133	168
134	144
135	170
136	155
137	159
138	197
139	152
140	145
141	151
142	154
143	155
144	140
145	142
146	162
147	148
148	151
149	143
150	145
151	147
152	224
153	158
154	148
155	155
156	159
157	149
158	144
159	161
160	156
161	153
162	158
163	153
164	164
165	157
166	140
167	155
168	150
169	154
170	162
171	153
172	180
173	161
174	148
175	171
176	144
177	146
178	146
179	145
180	136
181	134
182	138
183	136
184	142
185	135
186	137
187	148
188	148
189	143
190	137
191	482
192	347
193	162
194	141
195	143
196	152
197	140
198	136
199	146
200	157
201	137
202	146
203	161
204	167
205	164
206	156
207	156
208	180
209	146
210	144
211	142
212	144
213	146
214	143
215	149
216	152
217	142
218	143
219	140
220	160
221	149
222	140
223	135
224	208
225	140
226	135
227	147
228	152
229	145
230	149
231	150
232	143
233	156
234	456
235	174
236	141
237	140
238	140
239	140
240	141
241	146
242	144
243	169
244	159
245	155
246	141
247	142
248	158
249	142
250	145
251	146
252	142
253	144
254	264
255	401
256	186
257	193
258	158
259	150
260	155
261	137
262	144
263	144
264	160
265	255
266	175
267	146
268	203
269	175
270	133
271	134
272	139
273	150
274	144
275	146
276	133
277	154
278	140
279	140
280	156
281	147
282	147
283	142
284	139
285	183
286	584
287	151
288	147
289	139
290	140
291	137
292	138
293	144
294	140
295	143
296	134
297	132
298	139
299	141
300	135
301	143
302	145
303	143
304	141
305	147
306	142
307	154
308	165
309	161
310	144
311	142
312	149
313	138
314	140
315	141
316	140
317	156
318	147
319	139
320	145
321	140
322	154
323	143
324	148
325	145
326	149
327	149
328	144
329	132
330	139
331	138
332	136
333	145
334	138
335	141
336	151
337	140
338	140
339	141
340	142
341	142
342	139
343	137
344	146
345	142
346	145
347	169
348	177
349	137
350	133
351	134
352	130
353	140
354	144
355	150
356	151
357	132
358	137
359	148
360	146
361	141
362	141
363	140
364	153
365	145
366	146
367	145
368	142
369	146
370	131
371	186
372	149
373	140
374	134
375	136
376	150
377	139
378	143
379	139
380	148
381	146
382	135
383	142
384	137
385	155
386	148
387	139
388	134
389	143
390	149
391	137
392	146
393	207
394	473
395	183
396	138
397	136
398	146
399	141
400	151
401	152
402	157
403	149
404	139
405	142
406	143
407	150
408	153
409	135
410	142
411	145
412	146
413	144
414	141
415	148
416	138
417	146
418	150
419	144
420	156
421	170
422	154
423	136
424	136
425	142
426	133
427	146
428	158
429	147
430	156
431	152
432	164
433	167
434	145
435	144
436	143
437	137
438	148
439	169
440	140
441	139
442	141
443	161
444	145
445	229
446	470
447	172
448	154
449	151
450	155
451	159
452	154
453	167
454	149
455	146
456	153
457	144
458	140
459	146
460	141
461	166
462	145
463	163
464	154
465	155
466	229
467	168
468	158
469	165
470	157
471	146
472	171
473	155
474	163
475	155
476	168
477	136
478	147
479	146
480	309
481	268
482	282
483	342
484	139
485	138
486	145
487	138
488	147
489	152
490	143
491	146
492	140
493	140
494	142
495	143
496	141
497	151
498	145
499	162
500	153
501	150
502	144
503	156
504	193
505	165
506	139
507	139
508	137
509	143
510	142
511	151
512	179
513	373
514	222
515	139
516	149
517	140
518	136
519	143
520	141
521	145
522	140
523	153
524	140
525	137
526	140
527	149
528	141
529	144
530	136
531	148
532	164
533	185
534	145
535	147
536	161
537	152
538	149
539	150
540	146
541	145
542	152
543	143
544	145
545	145
546	148
547	139
548	136
549	137
550	142
551	155
552	172
553	161
554	141
555	153
556	137
557	149
558	139
559	131
560	143
561	136
562	145
563	140
564	139
565	138
566	135
567	147
568	135
569	142
570	155
571	142
572	264
573	168
574	152
575	141
576	143
577	158
578	162
579	150
580	146
581	158
582	151
583	153
584	144
585	144
586	148
587	154
588	156
589	163
590	146
591	154
592	154
593	151
594	154
595	143
596	145
597	137
598	191
599	154
600	135
601	142
602	145
603	144
604	154
605	154
606	147
607	210
608	220
609	151
610	159
611	256
612	162
613	155
614	177
615	265
616	152
617	158
618	182
619	194
620	151
621	142
622	149
623	163
624	151
625	182
626	202
627	170
628	157
629	142
630	151
631	160
632	154
633	154
634	156
635	197
636	147
637	150
638	153
639	145
640	145
641	150
642	149
643	148
644	139
645	159
646	144
647	150
648	154
649	159
650	153
651	140
652	147
653	143
654	138
655	145
656	151
657	143
658	152
659	164
660	149
661	150
662	148
663	143
664	137
665	164
666	171
667	156
668	140
669	171
670	492
671	338
672	176
673	155
674	159
675	171
676	163
677	148
678	148
679	158
680	141
681	141
682	136
683	148
684	154
685	157
686	149
687	175
688	158
689	150
690	145
691	132
692	142
693	129
694	140
695	136
696	136
697	142
698	145
699	136
700	137
701	302
702	532
703	145
704	134
705	140
706	149
707	148
708	149
709	165
710	175
711	182
712	150
713	144
714	141
715	134
716	132
717	139
718	149
719	135
720	162
721	165
722	167
723	149
724	150
725	157
726	148
727	138
728	141
729	137
730	137
731	133
732	128
733	143
734	135
735	132
736	130
737	139
738	137
739	155
740	138
741	145
742	138
743	146
744	141
745	134
746	144
747	136
748	128
749	141
750	170
751	158
752	136
753	143
754	130
755	146
756	151
757	137
758	137
759	142
760	137
761	138
762	186
763	184
764	163
765	141
766	147
767	143
768	137
769	144
770	146
771	145
772	147
773	148
774	158
775	163
776	152
777	153
778	139
779	139
780	133
781	141
782	150
783	169
784	380
785	261
786	133
787	139
788	146
789	137
790	140
791	136
792	144
793	163
794	154
795	162
796	153
797	141
798	170
799	142
800	155
801	160
802	160
803	156
804	134
805	165
806	139
807	138
808	150
809	168
810	154
811	153
812	139
813	149
814	139
815	141
816	142
817	149
818	156
819	179
820	153
821	213
822	180
823	154
824	156
825	165
826	159
827	191
828	150
829	145
830	148
831	196
832	157
833	166
834	208
835	150
836	157
837	198
838	151
839	150
840	178
841	143
842	143
843	139
844	147
845	152
846	144
847	156
848	146
849	137
850	189
851	156
852	137
853	137
854	141
855	135
856	133
857	141
858	138
859	137
860	177
861	262
862	150
863	148
864	137
865	141
866	146
867	152
868	162
869	168
870	176
871	160
872	146
873	141
874	145
875	143
876	146
877	143
878	160
879	145
880	156
881	170
882	150
883	138
884	235
885	128
886	129
887	131
888	308
889	288
890	207
891	404
892	145
893	158
894	150
895	140
896	147
897	141
898	141
899	148
900	139
901	150
902	152
903	145
904	162
905	167
906	173
907	143
908	137
909	131
910	137
911	146
912	132
913	146
914	157
915	196
916	201
917	342
918	308
919	163
920	165
921	148
922	144
923	134
924	130
925	134
926	144
927	139
928	143
929	212
930	146
931	141
932	140
933	139
934	140
935	153
936	140
937	153
938	143
939	145
940	144
941	136
942	147
943	143
944	139
945	137
946	143
947	137
948	143
949	140
950	146
951	136
952	127
953	143
954	141
955	130
956	137
957	136
958	136
959	145
960	146
961	158
962	182
963	140
964	141
965	146
966	137
967	137
968	141
969	136
970	135
971	131
972	140
973	146
974	142
975	153
976	140
977	157
978	148
979	142
980	142
981	144
982	136
983	138
984	148
985	136
986	148
987	141
988	144
989	149
990	147
991	135
992	141
993	145
994	141
995	135
996	157
997	143
998	179
999	144
1000	170
