run	ms
1	612
2	429
3	409
4	489
5	402
6	354
7	391
8	374
9	472
10	376
11	329
12	320
13	310
14	324
15	329
16	342
17	320
18	324
19	412
20	419
21	398
22	358
23	525
24	379
25	318
26	356
27	315
28	322
29	321
30	319
31	312
32	302
33	305
34	683
35	392
36	361
37	317
38	363
39	324
40	347
41	360
42	310
43	292
44	322
45	315
46	313
47	290
48	297
49	296
50	367
51	368
52	374
53	387
54	354
55	369
56	586
57	298
58	292
59	348
60	280
61	282
62	325
63	307
64	292
65	302
66	364
67	296
68	282
69	283
70	307
71	295
72	300
73	436
74	299
75	543
76	472
77	299
78	275
79	276
80	299
81	288
82	296
83	295
84	384
85	289
86	298
87	289
88	298
89	282
90	286
91	276
92	302
93	300
94	279
95	301
96	296
97	289
98	363
99	304
100	275
101	467
102	944
103	331
104	311
105	380
106	334
107	334
108	324
109	291
110	304
111	458
112	396
113	347
114	314
115	383
116	312
117	324
118	294
119	384
120	351
121	485
122	375
123	320
124	316
125	366
126	548
127	335
128	346
129	335
130	392
131	295
132	282
133	280
134	285
135	333
136	339
137	314
138	291
139	277
140	306
141	284
142	331
143	272
144	285
145	282
146	313
147	291
148	348
149	297
150	283
151	298
152	323
153	389
154	328
155	285
156	298
157	284
158	342
159	304
160	288
161	279
162	289
163	312
164	298
165	324
166	327
167	368
168	359
169	315
170	289
171	285
172	406
173	321
174	300
175	283
176	283
177	272
178	283
179	280
180	329
181	293
182	345
183	340
184	293
185	293
186	294
187	294
188	288
189	348
190	295
191	343
192	310
193	302
194	310
195	273
196	299
197	297
198	366
199	310
200	288
201	281
202	357
203	494
204	331
205	301
206	290
207	306
208	312
209	296
210	319
211	530
212	278
213	281
214	384
215	316
216	557
217	297
218	389
219	1139
220	334
221	342
222	278
223	298
224	301
225	303
226	297
227	590
228	290
229	457
230	301
231	299
232	296
233	298
234	275
235	318
236	275
237	324
238	362
239	324
240	311
241	277
242	290
243	310
244	327
245	337
246	269
247	283
248	272
249	305
250	291
251	274
252	322
253	279
254	284
255	291
256	293
257	284
258	270
259	281
260	270
261	276
262	286
263	293
264	302
265	375
266	327
267	317
268	318
269	302
270	281
271	488
272	277
273	281
274	288
275	258
276	273
277	288
278	293
279	289
280	286
281	302
282	312
283	331
284	4657
285	301
286	306
287	301
288	321
289	313
290	312
291	288
292	296
293	341
294	586
295	310
296	312
297	331
298	436
299	502
300	280
301	282
302	289
303	295
304	297
305	332
306	297
307	292
308	286
309	295
310	288
311	275
312	303
313	281
314	494
315	326
316	298
317	303
318	292
319	280
320	328
321	291
322	316
323	272
324	289
325	296
326	296
327	425
328	533
329	341
330	321
331	298
332	287
333	578
334	542
335	308
336	280
337	289
338	313
339	302
340	294
341	273
342	280
343	311
344	283
345	327
346	304
347	294
348	308
349	294
350	281
351	300
352	324
353	287
354	297
355	283
356	287
357	348
358	343
359	407
360	418
361	346
362	352
363	308
364	313
365	276
366	276
367	347
368	363
369	307
370	294
371	270
372	290
373	302
374	292
375	268
376	276
377	329
378	289
379	296
380	343
381	300
382	300
383	468
384	359
385	343
386	436
387	300
388	283
389	297
390	281
391	288
392	500
393	310
394	278
395	274
396	359
397	276
398	284
399	337
400	566
401	479
402	654
403	309
404	300
405	328
406	284
407	282
408	292
409	283
410	348
411	331
412	265
413	376
414	328
415	283
416	278
417	300
418	501
419	345
420	269
421	276
422	294
423	372
424	330
425	318
426	290
427	317
428	298
429	332
430	284
431	307
432	282
433	286
434	284
435	282
436	288
437	303
438	283
439	267
440	491
441	277
442	283
443	279
444	281
445	342
446	414
447	305
448	431
449	336
450	272
451	268
452	272
453	280
454	295
455	299
456	278
457	284
458	286
459	275
460	284
461	378
462	293
463	298
464	315
465	384
466	410
467	557
468	289
469	296
470	309
471	307
472	287
473	326
474	362
475	302
476	294
477	425
478	291
479	303
480	344
481	410
482	351
483	291
484	302
485	301
486	299
487	345
488	362
489	349
490	302
491	310
492	290
493	407
494	300
495	305
496	378
497	408
498	393
499	289
500	294
501	278
502	355
503	319
504	284
505	542
506	393
507	270
508	350
509	341
510	304
511	300
512	340
513	450
514	292
515	277
516	284
517	472
518	326
519	306
520	285
521	296
522	290
523	299
524	281
525	289
526	283
527	297
528	287
529	311
530	297
531	301
532	474
533	328
534	290
535	302
536	358
537	307
538	352
539	283
540	419
541	301
542	272
543	540
544	404
545	296
546	271
547	287
548	306
549	265
550	280
551	277
552	299
553	309
554	270
555	655
556	366
557	495
558	339
559	343
560	314
561	323
562	316
563	310
564	291
565	308
566	355
567	307
568	303
569	293
570	308
571	282
572	379
573	331
574	299
575	302
576	295
577	277
578	303
579	301
580	281
581	275
582	305
583	293
584	355
585	316
586	313
587	365
588	347
589	396
590	286
591	312
592	295
593	387
594	326
595	318
596	288
597	311
598	303
599	297
600	280
601	316
602	315
603	303
604	288
605	288
606	460
607	405
608	317
609	278
610	313
611	296
612	304
613	349
614	329
615	363
616	284
617	275
618	279
619	341
620	303
621	302
622	274
623	268
624	273
625	326
626	283
627	288
628	299
629	312
630	313
631	288
632	300
633	281
634	324
635	306
636	312
637	344
638	363
639	403
640	299
641	316
642	315
643	290
644	305
645	302
646	298
647	322
648	416
649	322
650	313
651	311
652	284
653	277
654	291
655	328
656	283
657	334
658	305
659	324
660	307
661	312
662	301
663	322
664	286
665	317
666	435
667	331
668	313
669	287
670	302
671	292
672	349
673	282
674	295
675	292
676	294
677	296
678	273
679	315
680	272
681	275
682	287
683	364
684	277
685	413
686	294
687	276
688	287
689	323
690	399
691	276
692	302
693	312
694	289
695	399
696	443
697	350
698	312
699	284
700	302
701	292
702	309
703	295
704	422
705	326
706	525
707	344
708	313
709	315
710	313
711	303
712	320
713	308
714	283
715	308
716	354
717	299
718	432
719	316
720	396
721	454
722	335
723	326
724	305
725	311
726	318
727	332
728	311
729	331
730	737
731	382
732	300
733	341
734	319
735	317
736	396
737	341
738	511
739	303
740	323
741	311
742	343
743	771
744	517
745	339
746	309
747	412
748	347
749	489
750	313
751	329
752	321
753	305
754	303
755	324
756	507
757	393
758	294
759	323
760	320
761	346
762	362
763	340
764	407
765	295
766	320
767	312
768	314
769	324
770	299
771	913
772	764
773	294
774	300
775	311
776	311
777	472
778	361
779	321
780	323
781	336
782	335
783	338
784	317
785	346
786	406
787	441
788	304
789	296
790	375
791	519
792	422
793	309
794	325
795	309
796	308
797	320
798	400
799	374
800	354
801	407
802	322
803	345
804	1013
805	344
806	292
807	306
808	363
809	300
810	313
811	545
812	339
813	379
814	316
815	350
816	348
817	287
818	307
819	320
820	332
821	368
822	309
823	321
824	349
825	307
826	340
827	344
828	313
829	352
830	370
831	372
832	294
833	286
834	338
835	338
836	678
837	352
838	576
839	373
840	341
841	319
842	329
843	303
844	334
845	304
846	286
847	295
848	325
849	365
850	288
851	384
852	333
853	294
854	306
855	351
856	353
857	292
858	296
859	279
860	289
861	470
862	336
863	308
864	384
865	387
866	293
867	356
868	309
869	316
870	316
871	296
872	275
873	294
874	351
875	306
876	359
877	306
878	313
879	343
880	351
881	318
882	300
883	278
884	392
885	298
886	287
887	338
888	321
889	427
890	315
891	324
892	285
893	305
894	311
895	312
896	464
897	424
898	315
899	309
900	317
901	277
902	298
903	364
904	397
905	294
906	294
907	289
908	310
909	371
910	483
911	328
912	327
913	375
914	354
915	351
916	372
917	443
918	378
919	306
920	332
921	300
922	314
923	324
924	324
925	360
926	425
927	505
928	389
929	313
930	318
931	291
932	290
933	307
934	326
935	339
936	338
937	362
938	288
939	324
940	308
941	445
942	312
943	295
944	383
945	314
946	337
947	371
948	438
949	306
950	363
951	313
952	318
953	362
954	328
955	324
956	362
957	327
958	311
959	287
960	412
961	342
962	318
963	283
964	325
965	325
966	305
967	308
968	292
969	393
970	299
971	439
972	304
973	300
974	318
975	337
976	317
977	291
978	312
979	332
980	327
981	330
982	298
983	306
984	324
985	317
986	307
987	416
988	328
989	301
990	297
991	385
992	296
993	278
994	311
995	295
996	316
997	519
998	310
999	301
1000	343
