run	ms
1	240
2	223
3	279
4	324
5	159
6	168
7	168
8	183
9	177
10	164
11	161
12	169
13	179
14	165
15	185
16	159
17	152
18	156
19	177
20	147
21	153
22	162
23	161
24	142
25	142
26	154
27	156
28	146
29	161
30	165
31	151
32	152
33	142
34	155
35	149
36	133
37	145
38	143
39	158
40	155
41	148
42	145
43	139
44	145
45	139
46	147
47	170
48	163
49	169
50	164
51	168
52	142
53	147
54	132
55	149
56	209
57	147
58	142
59	165
60	146
61	136
62	144
63	138
64	138
65	146
66	136
67	139
68	154
69	139
70	148
71	142
72	131
73	141
74	134
75	147
76	164
77	136
78	133
79	138
80	143
81	154
82	142
83	147
84	128
85	147
86	153
87	147
88	141
89	137
90	137
91	132
92	133
93	127
94	136
95	129
96	132
97	137
98	131
99	144
100	132
101	124
102	140
103	130
104	126
105	127
106	121
107	152
108	130
109	132
110	130
111	164
112	158
113	147
114	135
115	130
116	138
117	138
118	122
119	130
120	139
121	126
122	452
123	232
124	132
125	141
126	151
127	214
128	152
129	151
130	141
131	129
132	127
133	135
134	139
135	134
136	143
137	117
138	132
139	136
140	137
141	158
142	132
143	139
144	137
145	131
146	153
147	152
148	152
149	133
150	127
151	134
152	128
153	122
154	129
155	125
156	130
157	136
158	127
159	158
160	130
161	122
162	125
163	144
164	147
165	204
166	390
167	159
168	138
169	133
170	143
171	129
172	143
173	126
174	123
175	139
176	131
177	150
178	134
179	121
180	121
181	124
182	136
183	134
184	138
185	138
186	140
187	145
188	125
189	123
190	118
191	126
192	146
193	144
194	140
195	209
196	141
197	147
198	150
199	257
200	172
201	160
202	140
203	127
204	142
205	147
206	143
207	176
208	139
209	139
210	126
211	130
212	129
213	131
214	151
215	135
216	252
217	154
218	133
219	132
220	144
221	139
222	137
223	136
224	133
225	131
226	133
227	142
228	135
229	134
230	133
231	129
232	134
233	164
234	123
235	135
236	130
237	135
238	135
239	143
240	128
241	147
242	134
243	133
244	130
245	127
246	157
247	476
248	163
249	133
250	130
251	134
252	131
253	130
254	132
255	132
256	135
257	134
258	130
259	136
260	135
261	123
262	136
263	141
264	134
265	132
266	126
267	118
268	121
269	128
270	176
271	188
272	127
273	147
274	137
275	140
276	137
277	143
278	151
279	320
280	251
281	300
282	386
283	170
284	138
285	149
286	137
287	156
288	136
289	144
290	130
291	130
292	141
293	143
294	137
295	148
296	140
297	145
298	152
299	143
300	135
301	132
302	132
303	176
304	129
305	138
306	135
307	132
308	138
309	126
310	122
311	125
312	126
313	144
314	133
315	127
316	135
317	140
318	132
319	146
320	137
321	130
322	140
323	132
324	139
325	149
326	164
327	153
328	133
329	132
330	136
331	134
332	133
333	132
334	128
335	150
336	134
337	126
338	132
339	142
340	211
341	131
342	136
343	129
344	133
345	135
346	124
347	131
348	139
349	129
350	144
351	141
352	155
353	155
354	116
355	130
356	126
357	124
358	129
359	149
360	130
361	129
362	132
363	136
364	137
365	150
366	124
367	128
368	125
369	125
370	122
371	126
372	129
373	117
374	122
375	115
376	139
377	134
378	129
379	116
380	114
381	129
382	135
383	170
384	127
385	134
386	141
387	130
388	126
389	135
390	133
391	126
392	118
393	123
394	136
395	329
396	221
397	130
398	132
399	232
400	149
401	129
402	130
403	134
404	128
405	134
406	131
407	132
408	133
409	130
410	129
411	142
412	141
413	127
414	143
415	188
416	131
417	138
418	133
419	133
420	146
421	132
422	129
423	124
424	131
425	126
426	124
427	124
428	124
429	126
430	132
431	119
432	146
433	149
434	214
435	277
436	224
437	130
438	131
439	138
440	131
441	127
442	135
443	136
444	140
445	130
446	131
447	139
448	138
449	127
450	128
451	140
452	125
453	132
454	131
455	127
456	126
457	134
458	144
459	123
460	163
461	125
462	122
463	124
464	127
465	140
466	129
467	154
468	127
469	137
470	133
471	141
472	138
473	150
474	159
475	152
476	168
477	160
478	138
479	177
480	149
481	152
482	135
483	260
484	379
485	418
486	200
487	133
488	136
489	154
490	138
491	138
492	138
493	151
494	141
495	153
496	135
497	138
498	157
499	129
500	138
501	139
502	162
503	134
504	143
505	150
506	136
507	135
508	139
509	150
510	149
511	144
512	148
513	140
514	141
515	129
516	143
517	126
518	125
519	291
520	192
521	131
522	128
523	132
524	129
525	130
526	140
527	134
528	131
529	140
530	135
531	124
532	176
533	162
534	159
535	152
536	143
537	140
538	142
539	142
540	137
541	140
542	135
543	140
544	152
545	143
546	149
547	148
548	141
549	136
550	142
551	132
552	132
553	141
554	129
555	141
556	152
557	166
558	141
559	131
560	127
561	139
562	240
563	146
564	128
565	126
566	140
567	132
568	134
569	132
570	146
571	130
572	140
573	138
574	139
575	139
576	125
577	132
578	141
579	133
580	127
581	146
582	182
583	135
584	145
585	138
586	147
587	184
588	175
589	140
590	148
591	134
592	147
593	189
594	308
595	154
596	144
597	138
598	146
599	134
600	136
601	136
602	137
603	131
604	157
605	144
606	144
607	135
608	144
609	145
610	126
611	130
612	129
613	140
614	135
615	128
616	124
617	151
618	125
619	140
620	129
621	131
622	139
623	147
624	143
625	141
626	131
627	135
628	139
629	133
630	120
631	130
632	136
633	120
634	143
635	182
636	333
637	153
638	139
639	146
640	206
641	137
642	141
643	126
644	124
645	124
646	122
647	121
648	125
649	136
650	118
651	133
652	134
653	129
654	126
655	129
656	135
657	122
658	123
659	121
660	114
661	116
662	127
663	124
664	122
665	144
666	149
667	224
668	287
669	143
670	162
671	129
672	140
673	135
674	139
675	131
676	139
677	157
678	127
679	124
680	130
681	122
682	156
683	128
684	128
685	134
686	130
687	133
688	125
689	121
690	122
691	147
692	132
693	144
694	128
695	125
696	126
697	130
698	138
699	134
700	130
701	135
702	123
703	130
704	146
705	142
706	379
707	171
708	134
709	149
710	133
711	122
712	130
713	132
714	213
715	135
716	141
717	135
718	146
719	119
720	119
721	124
722	123
723	127
724	131
725	131
726	136
727	131
728	129
729	136
730	137
731	117
732	119
733	199
734	141
735	199
736	145
737	385
738	439
739	273
740	121
741	123
742	128
743	129
744	136
745	142
746	143
747	130
748	130
749	137
750	122
751	118
752	117
753	120
754	137
755	129
756	131
757	129
758	125
759	124
760	130
761	138
762	133
763	129
764	132
765	145
766	145
767	147
768	145
769	148
770	148
771	136
772	166
773	142
774	141
775	130
776	133
777	127
778	133
779	125
780	135
781	130
782	127
783	134
784	210
785	141
786	139
787	127
788	129
789	142
790	149
791	126
792	134
793	171
794	375
795	146
796	131
797	123
798	132
799	141
800	131
801	125
802	128
803	137
804	133
805	141
806	138
807	129
808	127
809	131
810	149
811	127
812	143
813	154
814	139
815	156
816	183
817	247
818	125
819	126
820	125
821	138
822	141
823	135
824	132
825	131
826	141
827	138
828	145
829	184
830	359
831	239
832	132
833	122
834	124
835	123
836	128
837	128
838	123
839	135
840	132
841	124
842	129
843	122
844	131
845	129
846	141
847	141
848	136
849	137
850	133
851	129
852	116
853	130
854	129
855	138
856	130
857	139
858	146
859	199
860	157
861	124
862	161
863	150
864	133
865	129
866	143
867	168
868	145
869	139
870	136
871	124
872	126
873	118
874	117
875	121
876	132
877	131
878	129
879	125
880	128
881	119
882	120
883	126
884	116
885	121
886	121
887	122
888	134
889	122
890	119
891	139
892	132
893	145
894	148
895	175
896	137
897	133
898	140
899	135
900	135
901	128
902	128
903	135
904	137
905	134
906	131
907	140
908	165
909	154
910	133
911	131
912	133
913	130
914	131
915	162
916	163
917	148
918	157
919	195
920	137
921	134
922	125
923	140
924	147
925	128
926	118
927	116
928	117
929	120
930	116
931	118
932	124
933	125
934	128
935	131
936	127
937	131
938	117
939	209
940	154
941	124
942	117
943	128
944	123
945	137
946	130
947	132
948	136
949	154
950	128
951	122
952	144
953	134
954	129
955	139
956	134
957	123
958	125
959	132
960	129
961	125
962	134
963	139
964	125
965	137
966	299
967	265
968	131
969	131
970	136
971	157
972	137
973	126
974	140
975	138
976	132
977	134
978	126
979	134
980	134
981	116
982	130
983	139
984	142
985	171
986	134
987	126
988	150
989	130
990	140
991	142
992	148
993	175
994	139
995	130
996	130
997	133
998	152
999	169
1000	211
