run	ms
1	370
2	328
3	292
4	364
5	296
6	315
7	289
8	286
9	269
10	258
11	244
12	234
13	206
14	217
15	305
16	302
17	220
18	238
19	213
20	221
21	244
22	223
23	196
24	215
25	195
26	232
27	244
28	254
29	244
30	202
31	236
32	229
33	220
34	212
35	225
36	306
37	248
38	201
39	234
40	245
41	238
42	267
43	291
44	291
45	315
46	188
47	204
48	255
49	228
50	225
51	216
52	197
53	251
54	221
55	210
56	230
57	197
58	220
59	202
60	232
61	210
62	201
63	207
64	200
65	205
66	204
67	232
68	220
69	167
70	175
71	191
72	202
73	168
74	215
75	179
76	197
77	188
78	199
79	229
80	232
81	261
82	273
83	269
84	237
85	208
86	205
87	203
88	184
89	200
90	191
91	207
92	225
93	269
94	231
95	215
96	187
97	204
98	245
99	221
100	195
101	197
102	238
103	216
104	212
105	232
106	235
107	228
108	192
109	192
110	259
111	232
112	247
113	180
114	158
115	199
116	208
117	170
118	377
119	173
120	215
121	161
122	202
123	260
124	218
125	198
126	191
127	194
128	214
129	205
130	224
131	192
132	271
133	236
134	158
135	170
136	194
137	217
138	207
139	203
140	205
141	195
142	191
143	212
144	178
145	168
146	174
147	186
148	183
149	219
150	182
151	185
152	177
153	226
154	248
155	179
156	186
157	207
158	173
159	215
160	180
161	188
162	168
163	175
164	190
165	178
166	164
167	167
168	167
169	203
170	180
171	196
172	175
173	159
174	175
175	191
176	154
177	173
178	168
179	165
180	184
181	185
182	189
183	152
184	152
185	229
186	218
187	211
188	162
189	190
190	193
191	186
192	199
193	203
194	228
195	232
196	174
197	185
198	196
199	203
200	191
201	202
202	180
203	180
204	196
205	210
206	204
207	202
208	185
209	173
210	194
211	204
212	178
213	191
214	192
215	203
216	177
217	182
218	194
219	179
220	184
221	219
222	291
223	162
224	164
225	179
226	296
227	242
228	194
229	180
230	191
231	217
232	235
233	241
234	234
235	223
236	204
237	187
238	189
239	182
240	195
241	199
242	189
243	194
244	214
245	185
246	194
247	162
248	164
249	176
250	177
251	181
252	231
253	225
254	196
255	184
256	195
257	191
258	182
259	198
260	174
261	213
262	176
263	180
264	156
265	161
266	166
267	158
268	180
269	197
270	174
271	185
272	211
273	174
274	202
275	166
276	178
277	176
278	174
279	232
280	175
281	159
282	170
283	185
284	175
285	168
286	147
287	161
288	160
289	174
290	169
291	160
292	205
293	205
294	176
295	191
296	180
297	208
298	178
299	202
300	182
301	168
302	153
303	165
304	171
305	164
306	174
307	185
308	194
309	208
310	153
311	176
312	173
313	214
314	181
315	173
316	180
317	177
318	175
319	159
320	214
321	177
322	203
323	192
324	164
325	159
326	177
327	218
328	238
329	221
330	193
331	176
332	193
333	209
334	225
335	209
336	272
337	351
338	261
339	211
340	360
341	228
342	273
343	305
344	348
345	286
346	257
347	214
348	255
349	297
350	247
351	228
352	242
353	207
354	213
355	263
356	205
357	217
358	270
359	240
360	232
361	201
362	169
363	187
364	162
365	157
366	178
367	189
368	167
369	163
370	162
371	196
372	169
373	151
374	151
375	169
376	210
377	187
378	180
379	203
380	198
381	240
382	196
383	222
384	173
385	172
386	180
387	193
388	189
389	175
390	175
391	171
392	165
393	191
394	172
395	172
396	183
397	169
398	174
399	161
400	159
401	202
402	225
403	211
404	207
405	241
406	217
407	189
408	207
409	196
410	357
411	184
412	177
413	183
414	172
415	161
416	192
417	186
418	202
419	185
420	165
421	182
422	163
423	169
424	175
425	184
426	190
427	207
428	189
429	153
430	173
431	191
432	193
433	202
434	243
435	170
436	162
437	161
438	180
439	189
440	217
441	171
442	173
443	205
444	190
445	174
446	260
447	197
448	172
449	145
450	162
451	172
452	162
453	163
454	154
455	166
456	151
457	192
458	186
459	211
460	188
461	200
462	243
463	178
464	152
465	163
466	187
467	160
468	181
469	179
470	178
471	170
472	145
473	149
474	170
475	192
476	219
477	195
478	181
479	200
480	209
481	180
482	209
483	168
484	188
485	195
486	194
487	173
488	169
489	175
490	172
491	182
492	194
493	159
494	152
495	149
496	172
497	162
498	176
499	188
500	161
501	203
502	182
503	189
504	178
505	182
506	201
507	183
508	176
509	167
510	170
511	170
512	166
513	168
514	180
515	165
516	161
517	162
518	194
519	157
520	178
521	213
522	279
523	170
524	204
525	163
526	168
527	178
528	190
529	203
530	172
531	189
532	186
533	179
534	201
535	205
536	183
537	181
538	189
539	177
540	186
541	185
542	214
543	180
544	159
545	185
546	173
547	220
548	169
549	182
550	220
551	233
552	171
553	266
554	200
555	194
556	184
557	181
558	187
559	168
560	205
561	150
562	172
563	177
564	169
565	175
566	216
567	181
568	186
569	201
570	200
571	209
572	191
573	190
574	176
575	220
576	188
577	244
578	206
579	172
580	307
581	180
582	170
583	179
584	185
585	205
586	176
587	195
588	165
589	171
590	200
591	203
592	183
593	177
594	173
595	164
596	155
597	179
598	174
599	179
600	175
601	234
602	160
603	166
604	165
605	202
606	193
607	182
608	259
609	207
610	189
611	178
612	189
613	202
614	189
615	161
616	164
617	172
618	165
619	164
620	186
621	172
622	171
623	158
624	157
625	174
626	160
627	164
628	173
629	1158
630	224
631	257
632	197
633	184
634	211
635	264
636	252
637	209
638	194
639	263
640	257
641	332
642	253
643	247
644	214
645	213
646	216
647	230
648	216
649	223
650	278
651	426
652	251
653	259
654	248
655	212
656	190
657	205
658	225
659	189
660	260
661	231
662	366
663	242
664	206
665	230
666	1683
667	235
668	194
669	163
670	246
671	245
672	254
673	249
674	308
675	221
676	194
677	182
678	193
679	219
680	231
681	365
682	391
683	436
684	488
685	633
686	532
687	704
688	233
689	270
690	213
691	195
692	198
693	200
694	256
695	228
696	250
697	224
698	216
699	232
700	242
701	204
702	201
703	248
704	241
705	223
706	240
707	263
708	184
709	200
710	202
711	259
712	236
713	200
714	169
715	201
716	183
717	177
718	214
719	185
720	226
721	186
722	353
723	227
724	259
725	183
726	184
727	185
728	183
729	184
730	179
731	202
732	174
733	163
734	193
735	167
736	161
737	196
738	185
739	178
740	170
741	166
742	177
743	185
744	211
745	169
746	179
747	184
748	160
749	176
750	195
751	182
752	283
753	197
754	215
755	200
756	180
757	215
758	182
759	192
760	210
761	291
762	222
763	188
764	213
765	182
766	224
767	206
768	200
769	178
770	161
771	209
772	194
773	223
774	193
775	187
776	326
777	183
778	166
779	168
780	180
781	178
782	167
783	203
784	178
785	193
786	155
787	187
788	187
789	179
790	166
791	177
792	168
793	169
794	211
795	197
796	183
797	188
798	191
799	177
800	198
801	169
802	189
803	172
804	170
805	153
806	171
807	165
808	175
809	175
810	181
811	160
812	175
813	172
814	244
815	166
816	172
817	177
818	150
819	194
820	196
821	163
822	202
823	154
824	182
825	220
826	186
827	166
828	167
829	179
830	165
831	318
832	203
833	172
834	176
835	161
836	166
837	170
838	159
839	162
840	161
841	173
842	297
843	168
844	200
845	176
846	166
847	172
848	173
849	161
850	180
851	195
852	194
853	175
854	208
855	214
856	179
857	179
858	207
859	174
860	177
861	165
862	185
863	200
864	244
865	184
866	183
867	212
868	164
869	218
870	163
871	179
872	211
873	167
874	172
875	191
876	159
877	171
878	213
879	433
880	175
881	173
882	177
883	184
884	179
885	191
886	227
887	185
888	210
889	172
890	184
891	174
892	147
893	140
894	181
895	182
896	187
897	161
898	187
899	159
900	177
901	156
902	201
903	177
904	166
905	200
906	178
907	175
908	199
909	212
910	251
911	138
912	166
913	167
914	160
915	221
916	310
917	315
918	188
919	175
920	180
921	192
922	177
923	214
924	192
925	214
926	177
927	187
928	191
929	190
930	289
931	202
932	212
933	194
934	215
935	305
936	347
937	330
938	319
939	318
940	272
941	557
942	442
943	246
944	204
945	189
946	215
947	201
948	202
949	225
950	198
951	186
952	166
953	198
954	195
955	176
956	170
957	182
958	222
959	195
960	225
961	174
962	159
963	181
964	197
965	187
966	192
967	187
968	153
969	208
970	205
971	173
972	172
973	205
974	158
975	182
976	190
977	186
978	180
979	180
980	176
981	165
982	158
983	178
984	165
985	177
986	171
987	172
988	244
989	169
990	167
991	168
992	211
993	198
994	165
995	188
996	172
997	168
998	190
999	202
1000	209
