run	ms
1	517
2	448
3	400
4	393
5	383
6	388
7	365
8	392
9	404
10	406
11	388
12	383
13	395
14	383
15	366
16	415
17	455
18	395
19	360
20	391
21	415
22	821
23	428
24	393
25	405
26	396
27	419
28	365
29	357
30	326
31	371
32	330
33	321
34	363
35	365
36	308
37	360
38	323
39	334
40	339
41	323
42	328
43	334
44	328
45	322
46	325
47	282
48	292
49	345
50	462
51	483
52	507
53	473
54	1010
55	573
56	540
57	592
58	418
59	924
60	340
61	325
62	312
63	305
64	334
65	305
66	312
67	356
68	300
69	329
70	318
71	323
72	318
73	304
74	305
75	294
76	300
77	446
78	285
79	428
80	376
81	303
82	330
83	340
84	460
85	441
86	432
87	309
88	292
89	291
90	310
91	296
92	263
93	308
94	346
95	333
96	294
97	298
98	321
99	466
100	346
101	336
102	507
103	287
104	327
105	312
106	291
107	288
108	293
109	259
110	298
111	502
112	253
113	274
114	323
115	266
116	282
117	278
118	331
119	298
120	277
121	339
122	274
123	309
124	266
125	290
126	295
127	354
128	300
129	280
130	280
131	291
132	299
133	312
134	283
135	294
136	287
137	303
138	282
139	332
140	293
141	269
142	290
143	274
144	334
145	268
146	261
147	263
148	297
149	247
150	242
151	255
152	283
153	317
154	275
155	312
156	281
157	284
158	314
159	296
160	254
161	305
162	285
163	299
164	290
165	267
166	265
167	270
168	301
169	256
170	276
171	250
172	282
173	316
174	269
175	307
176	319
177	275
178	343
179	313
180	292
181	277
182	268
183	260
184	317
185	292
186	300
187	285
188	300
189	299
190	256
191	274
192	292
193	293
194	304
195	337
196	330
197	305
198	297
199	297
200	329
201	374
202	347
203	372
204	358
205	602
206	382
207	363
208	290
209	296
210	275
211	294
212	312
213	294
214	362
215	418
216	419
217	425
218	698
219	570
220	358
221	338
222	304
223	352
224	312
225	344
226	313
227	276
228	312
229	374
230	321
231	323
232	321
233	382
234	293
235	314
236	379
237	317
238	326
239	330
240	296
241	299
242	301
243	302
244	302
245	315
246	335
247	447
248	369
249	339
250	310
251	280
252	290
253	326
254	266
255	307
256	298
257	318
258	251
259	267
260	253
261	294
262	271
263	268
264	278
265	346
266	366
267	311
268	306
269	363
270	337
271	364
272	269
273	261
274	280
275	267
276	299
277	267
278	289
279	287
280	259
281	261
282	277
283	305
284	301
285	290
286	280
287	335
288	281
289	314
290	277
291	316
292	607
293	295
294	301
295	303
296	284
297	295
298	292
299	298
300	282
301	301
302	400
303	381
304	287
305	293
306	275
307	240
308	281
309	262
310	309
311	249
312	271
313	265
314	288
315	252
316	264
317	282
318	268
319	1158
320	271
321	299
322	253
323	292
324	259
325	528
326	279
327	273
328	291
329	258
330	447
331	371
332	846
333	367
334	324
335	1212
336	326
337	323
338	287
339	278
340	281
341	296
342	301
343	263
344	260
345	272
346	258
347	263
348	272
349	277
350	273
351	290
352	250
353	275
354	272
355	290
356	282
357	302
358	264
359	283
360	294
361	273
362	283
363	301
364	277
365	260
366	277
367	273
368	282
369	509
370	300
371	267
372	276
373	266
374	283
375	288
376	266
377	268
378	269
379	285
380	273
381	295
382	267
383	271
384	263
385	402
386	298
387	293
388	324
389	364
390	402
391	324
392	318
393	338
394	331
395	283
396	276
397	306
398	331
399	291
400	269
401	260
402	257
403	273
404	434
405	292
406	286
407	281
408	269
409	284
410	288
411	303
412	273
413	245
414	265
415	290
416	274
417	269
418	254
419	278
420	293
421	285
422	308
423	400
424	312
425	285
426	348
427	313
428	305
429	289
430	267
431	395
432	301
433	303
434	279
435	298
436	258
437	267
438	318
439	305
440	286
441	272
442	294
443	304
444	280
445	310
446	286
447	291
448	255
449	280
450	280
451	255
452	289
453	371
454	288
455	410
456	270
457	261
458	294
459	268
460	410
461	255
462	271
463	268
464	299
465	289
466	384
467	267
468	282
469	262
470	1678
471	252
472	290
473	257
474	268
475	259
476	268
477	262
478	264
479	273
480	309
481	301
482	294
483	279
484	273
485	282
486	252
487	245
488	455
489	276
490	265
491	272
492	281
493	268
494	284
495	354
496	277
497	270
498	238
499	281
500	286
501	330
502	289
503	249
504	290
505	251
506	289
507	255
508	299
509	316
510	304
511	294
512	280
513	338
514	274
515	553
516	302
517	301
518	269
519	281
520	269
521	266
522	265
523	251
524	287
525	266
526	279
527	269
528	260
529	261
530	296
531	290
532	295
533	305
534	285
535	249
536	268
537	286
538	296
539	261
540	259
541	361
542	300
543	301
544	382
545	261
546	279
547	271
548	589
549	288
550	262
551	310
552	234
553	261
554	285
555	256
556	253
557	289
558	269
559	250
560	250
561	262
562	293
563	288
564	374
565	286
566	272
567	247
568	254
569	275
570	298
571	274
572	465
573	456
574	275
575	274
576	268
577	240
578	248
579	278
580	273
581	260
582	251
583	248
584	270
585	277
586	274
587	283
588	306
589	318
590	610
591	348
592	306
593	272
594	320
595	739
596	535
597	264
598	264
599	281
600	305
601	246
602	321
603	271
604	257
605	256
606	254
607	283
608	398
609	345
610	254
611	291
612	495
613	403
614	450
615	458
616	405
617	434
618	409
619	455
620	487
621	390
622	432
623	469
624	490
625	507
626	451
627	461
628	507
629	439
630	411
631	405
632	275
633	326
634	269
635	300
636	353
637	285
638	282
639	284
640	292
641	299
642	316
643	345
644	284
645	269
646	272
647	269
648	257
649	267
650	282
651	255
652	296
653	304
654	277
655	254
656	257
657	262
658	316
659	261
660	282
661	272
662	337
663	798
664	263
665	310
666	276
667	261
668	252
669	327
670	293
671	285
672	262
673	300
674	284
675	264
676	293
677	384
678	265
679	270
680	276
681	263
682	282
683	252
684	291
685	256
686	255
687	298
688	280
689	255
690	262
691	252
692	270
693	238
694	272
695	253
696	248
697	266
698	259
699	266
700	249
701	240
702	253
703	250
704	263
705	229
706	241
707	249
708	271
709	240
710	258
711	271
712	257
713	236
714	252
715	244
716	248
717	247
718	251
719	257
720	269
721	262
722	272
723	269
724	261
725	244
726	362
727	267
728	380
729	240
730	330
731	289
732	279
733	242
734	303
735	261
736	245
737	263
738	255
739	253
740	276
741	255
742	273
743	263
744	241
745	279
746	240
747	257
748	258
749	260
750	249
751	252
752	245
753	284
754	275
755	248
756	271
757	276
758	249
759	236
760	227
761	249
762	250
763	262
764	252
765	251
766	307
767	246
768	239
769	241
770	305
771	406
772	263
773	617
774	515
775	302
776	253
777	253
778	255
779	426
780	262
781	303
782	253
783	285
784	272
785	279
786	305
787	362
788	420
789	428
790	408
791	547
792	474
793	376
794	349
795	352
796	439
797	384
798	366
799	336
800	333
801	332
802	298
803	303
804	282
805	311
806	288
807	254
808	240
809	258
810	272
811	295
812	277
813	268
814	260
815	331
816	287
817	312
818	479
819	305
820	294
821	264
822	312
823	281
824	277
825	359
826	250
827	261
828	266
829	301
830	268
831	259
832	295
833	279
834	259
835	295
836	286
837	249
838	263
839	255
840	287
841	287
842	273
843	301
844	273
845	286
846	279
847	272
848	275
849	272
850	288
851	285
852	278
853	254
854	294
855	266
856	393
857	257
858	251
859	270
860	260
861	277
862	272
863	246
864	402
865	298
866	279
867	272
868	290
869	275
870	261
871	312
872	233
873	251
874	256
875	261
876	240
877	276
878	251
879	256
880	258
881	265
882	261
883	291
884	250
885	239
886	257
887	259
888	257
889	256
890	243
891	261
892	244
893	266
894	276
895	255
896	256
897	269
898	283
899	270
900	267
901	253
902	252
903	266
904	293
905	257
906	267
907	264
908	275
909	351
910	252
911	288
912	643
913	264
914	288
915	262
916	268
917	294
918	276
919	277
920	273
921	246
922	273
923	248
924	272
925	273
926	260
927	248
928	269
929	254
930	245
931	276
932	462
933	294
934	272
935	266
936	255
937	253
938	257
939	241
940	249
941	272
942	274
943	250
944	260
945	268
946	272
947	275
948	276
949	282
950	627
951	265
952	286
953	323
954	276
955	276
956	278
957	264
958	276
959	273
960	253
961	262
962	260
963	272
964	254
965	242
966	285
967	268
968	262
969	319
970	290
971	502
972	256
973	245
974	250
975	243
976	260
977	247
978	256
979	233
980	259
981	246
982	260
983	289
984	357
985	248
986	270
987	337
988	285
989	276
990	269
991	282
992	266
993	273
994	297
995	446
996	418
997	336
998	992
999	815
1000	294
