run	ms
1	279
2	260
3	382
4	248
5	414
6	291
7	242
8	241
9	199
10	209
11	180
12	191
13	180
14	189
15	212
16	209
17	214
18	206
19	197
20	186
21	219
22	195
23	225
24	188
25	202
26	205
27	173
28	177
29	158
30	374
31	229
32	170
33	172
34	174
35	192
36	192
37	187
38	161
39	178
40	202
41	219
42	195
43	403
44	171
45	217
46	168
47	201
48	168
49	165
50	212
51	201
52	180
53	170
54	166
55	203
56	187
57	177
58	199
59	195
60	186
61	238
62	201
63	172
64	212
65	186
66	180
67	183
68	183
69	183
70	176
71	167
72	165
73	178
74	195
75	191
76	182
77	175
78	182
79	173
80	189
81	200
82	172
83	164
84	173
85	177
86	187
87	173
88	183
89	191
90	171
91	202
92	225
93	160
94	184
95	157
96	217
97	175
98	202
99	196
100	167
101	203
102	163
103	191
104	182
105	199
106	187
107	172
108	183
109	169
110	148
111	182
112	172
113	143
114	154
115	160
116	172
117	156
118	189
119	167
120	186
121	172
122	159
123	227
124	193
125	193
126	190
127	171
128	184
129	178
130	169
131	182
132	181
133	235
134	169
135	171
136	161
137	170
138	183
139	157
140	176
141	174
142	212
143	172
144	172
145	197
146	307
147	257
148	281
149	409
150	196
151	212
152	235
153	232
154	258
155	306
156	307
157	292
158	223
159	256
160	251
161	286
162	355
163	300
164	198
165	178
166	200
167	186
168	201
169	178
170	232
171	227
172	189
173	179
174	186
175	177
176	194
177	209
178	181
179	177
180	190
181	204
182	195
183	184
184	178
185	165
186	169
187	199
188	167
189	173
190	188
191	177
192	181
193	197
194	184
195	203
196	172
197	193
198	203
199	202
200	290
201	207
202	227
203	196
204	226
205	187
206	194
207	214
208	179
209	203
210	218
211	172
212	207
213	195
214	233
215	199
216	185
217	188
218	212
219	160
220	176
221	157
222	199
223	170
224	159
225	178
226	170
227	206
228	157
229	179
230	150
231	168
232	165
233	211
234	173
235	147
236	164
237	155
238	169
239	165
240	191
241	183
242	196
243	155
244	140
245	152
246	187
247	174
248	149
249	177
250	236
251	196
252	156
253	171
254	178
255	190
256	173
257	194
258	166
259	171
260	162
261	155
262	148
263	186
264	158
265	176
266	158
267	154
268	168
269	174
270	154
271	173
272	202
273	186
274	172
275	192
276	161
277	163
278	163
279	164
280	212
281	158
282	193
283	174
284	173
285	190
286	152
287	149
288	155
289	159
290	152
291	161
292	159
293	203
294	181
295	179
296	182
297	167
298	188
299	199
300	166
301	150
302	151
303	192
304	203
305	169
306	178
307	149
308	153
309	187
310	147
311	163
312	180
313	161
314	154
315	189
316	249
317	165
318	190
319	168
320	164
321	175
322	168
323	164
324	213
325	210
326	218
327	165
328	161
329	164
330	165
331	156
332	170
333	184
334	235
335	182
336	158
337	173
338	181
339	163
340	175
341	178
342	162
343	197
344	178
345	177
346	162
347	163
348	183
349	175
350	165
351	302
352	199
353	397
354	197
355	200
356	185
357	161
358	208
359	168
360	210
361	207
362	189
363	175
364	288
365	181
366	160
367	169
368	175
369	241
370	160
371	177
372	159
373	153
374	175
375	175
376	162
377	163
378	159
379	193
380	194
381	184
382	203
383	308
384	176
385	174
386	148
387	145
388	179
389	198
390	178
391	170
392	184
393	151
394	161
395	167
396	175
397	183
398	163
399	160
400	154
401	152
402	153
403	159
404	152
405	177
406	171
407	201
408	190
409	199
410	192
411	180
412	200
413	176
414	215
415	188
416	164
417	178
418	208
419	166
420	160
421	175
422	173
423	172
424	170
425	176
426	171
427	173
428	153
429	155
430	162
431	152
432	164
433	157
434	188
435	158
436	177
437	171
438	164
439	190
440	171
441	165
442	171
443	155
444	175
445	173
446	171
447	177
448	199
449	171
450	209
451	173
452	161
453	159
454	172
455	168
456	176
457	168
458	165
459	160
460	188
461	173
462	157
463	163
464	172
465	174
466	170
467	192
468	173
469	187
470	205
471	210
472	162
473	183
474	167
475	172
476	155
477	201
478	150
479	172
480	182
481	155
482	155
483	281
484	161
485	178
486	155
487	173
488	168
489	289
490	159
491	168
492	167
493	165
494	171
495	170
496	163
497	184
498	198
499	189
500	179
501	153
502	178
503	164
504	171
505	189
506	182
507	186
508	197
509	243
510	273
511	624
512	314
513	330
514	276
515	431
516	616
517	155
518	215
519	210
520	165
521	164
522	192
523	186
524	183
525	184
526	188
527	169
528	242
529	178
530	183
531	196
532	194
533	210
534	192
535	178
536	173
537	175
538	191
539	222
540	203
541	206
542	167
543	252
544	189
545	180
546	208
547	165
548	178
549	195
550	177
551	173
552	157
553	173
554	170
555	241
556	157
557	193
558	149
559	166
560	290
561	162
562	290
563	181
564	151
565	169
566	189
567	200
568	162
569	158
570	179
571	202
572	176
573	161
574	160
575	157
576	163
577	159
578	175
579	153
580	285
581	164
582	179
583	169
584	179
585	271
586	164
587	215
588	174
589	171
590	219
591	175
592	176
593	187
594	182
595	184
596	164
597	169
598	161
599	209
600	178
601	188
602	155
603	148
604	177
605	168
606	159
607	180
608	163
609	198
610	216
611	191
612	175
613	180
614	172
615	199
616	205
617	260
618	191
619	190
620	191
621	179
622	187
623	173
624	195
625	177
626	182
627	198
628	260
629	173
630	159
631	168
632	162
633	160
634	157
635	157
636	179
637	185
638	194
639	171
640	164
641	184
642	177
643	278
644	232
645	169
646	179
647	182
648	167
649	185
650	196
651	195
652	218
653	173
654	182
655	207
656	218
657	182
658	168
659	184
660	190
661	172
662	170
663	174
664	191
665	178
666	169
667	136
668	190
669	163
670	139
671	168
672	163
673	177
674	202
675	188
676	160
677	154
678	175
679	184
680	190
681	190
682	194
683	178
684	199
685	191
686	155
687	172
688	189
689	195
690	257
691	174
692	216
693	215
694	223
695	174
696	158
697	146
698	150
699	187
700	216
701	264
702	163
703	163
704	199
705	153
706	165
707	251
708	154
709	205
710	192
711	228
712	197
713	180
714	178
715	177
716	175
717	185
718	160
719	147
720	151
721	169
722	161
723	172
724	175
725	165
726	142
727	156
728	154
729	149
730	162
731	168
732	175
733	159
734	147
735	219
736	213
737	153
738	155
739	294
740	170
741	185
742	197
743	149
744	153
745	167
746	212
747	197
748	183
749	202
750	170
751	191
752	218
753	169
754	174
755	254
756	194
757	176
758	163
759	329
760	169
761	217
762	209
763	187
764	170
765	197
766	167
767	224
768	221
769	212
770	214
771	183
772	198
773	180
774	201
775	179
776	189
777	218
778	188
779	242
780	718
781	576
782	412
783	407
784	221
785	208
786	262
787	264
788	259
789	660
790	537
791	323
792	342
793	264
794	402
795	303
796	237
797	215
798	261
799	369
800	299
801	216
802	175
803	170
804	290
805	176
806	201
807	214
808	163
809	172
810	390
811	216
812	245
813	258
814	224
815	795
816	230
817	227
818	229
819	243
820	198
821	181
822	186
823	172
824	203
825	236
826	217
827	187
828	160
829	178
830	175
831	176
832	226
833	214
834	238
835	219
836	206
837	181
838	301
839	209
840	172
841	202
842	300
843	158
844	171
845	167
846	176
847	192
848	195
849	356
850	154
851	164
852	163
853	160
854	177
855	630
856	161
857	160
858	166
859	165
860	294
861	171
862	180
863	195
864	188
865	171
866	727
867	150
868	178
869	156
870	152
871	154
872	202
873	170
874	183
875	177
876	175
877	167
878	163
879	177
880	168
881	174
882	154
883	171
884	155
885	159
886	170
887	166
888	193
889	180
890	190
891	158
892	147
893	166
894	166
895	171
896	162
897	188
898	166
899	160
900	149
901	162
902	185
903	206
904	171
905	157
906	245
907	182
908	182
909	173
910	205
911	330
912	220
913	234
914	204
915	185
916	210
917	211
918	230
919	198
920	180
921	165
922	171
923	175
924	210
925	177
926	245
927	170
928	175
929	171
930	160
931	203
932	179
933	164
934	176
935	156
936	174
937	153
938	173
939	194
940	200
941	193
942	176
943	163
944	163
945	210
946	166
947	191
948	175
949	179
950	191
951	196
952	162
953	181
954	164
955	169
956	159
957	156
958	160
959	170
960	193
961	185
962	154
963	164
964	170
965	168
966	188
967	167
968	171
969	163
970	177
971	197
972	166
973	178
974	500
975	262
976	188
977	171
978	151
979	174
980	168
981	194
982	158
983	189
984	190
985	176
986	166
987	160
988	206
989	155
990	217
991	174
992	188
993	177
994	184
995	175
996	173
997	170
998	164
999	170
1000	219
