run	ms
1	392
2	300
3	280
4	248
5	205
6	234
7	217
8	228
9	188
10	181
11	206
12	197
13	192
14	193
15	479
16	198
17	326
18	199
19	216
20	177
21	292
22	205
23	158
24	170
25	148
26	155
27	213
28	265
29	154
30	182
31	190
32	158
33	149
34	146
35	135
36	178
37	160
38	113
39	125
40	160
41	149
42	158
43	205
44	158
45	155
46	170
47	138
48	132
49	140
50	168
51	178
52	143
53	157
54	158
55	153
56	170
57	140
58	184
59	187
60	249
61	130
62	136
63	144
64	160
65	123
66	114
67	106
68	167
69	123
70	185
71	202
72	137
73	122
74	139
75	141
76	143
77	151
78	111
79	112
80	145
81	151
82	124
83	121
84	137
85	190
86	206
87	125
88	184
89	136
90	172
91	134
92	128
93	127
94	128
95	121
96	139
97	115
98	134
99	115
100	119
101	169
102	142
103	183
104	138
105	124
106	125
107	140
108	136
109	123
110	117
111	143
112	112
113	120
114	121
115	128
116	140
117	158
118	122
119	107
120	142
121	115
122	109
123	120
124	141
125	109
126	323
127	135
128	122
129	123
130	104
131	121
132	132
133	164
134	136
135	195
136	139
137	115
138	115
139	121
140	105
141	109
142	116
143	110
144	125
145	345
146	213
147	161
148	122
149	113
150	109
151	131
152	112
153	109
154	154
155	204
156	107
157	106
158	146
159	119
160	123
161	119
162	160
163	125
164	149
165	105
166	132
167	113
168	132
169	125
170	118
171	117
172	137
173	108
174	120
175	127
176	114
177	122
178	104
179	125
180	112
181	122
182	109
183	115
184	130
185	113
186	113
187	108
188	122
189	102
190	109
191	109
192	128
193	132
194	115
195	122
196	129
197	119
198	154
199	196
200	186
201	134
202	180
203	120
204	116
205	143
206	124
207	125
208	101
209	104
210	112
211	112
212	103
213	138
214	118
215	145
216	190
217	194
218	134
219	140
220	142
221	124
222	185
223	154
224	139
225	130
226	111
227	123
228	128
229	139
230	116
231	130
232	136
233	118
234	133
235	173
236	126
237	118
238	127
239	117
240	132
241	117
242	127
243	136
244	145
245	150
246	123
247	125
248	154
249	119
250	163
251	124
252	146
253	135
254	151
255	141
256	136
257	113
258	121
259	121
260	136
261	119
262	114
263	125
264	146
265	174
266	143
267	106
268	124
269	171
270	139
271	135
272	120
273	115
274	127
275	135
276	125
277	116
278	119
279	109
280	134
281	118
282	118
283	131
284	156
285	179
286	186
287	122
288	118
289	134
290	112
291	209
292	135
293	124
294	108
295	113
296	135
297	120
298	134
299	131
300	117
301	158
302	115
303	115
304	128
305	104
306	123
307	121
308	112
309	110
310	148
311	116
312	108
313	105
314	107
315	116
316	139
317	135
318	116
319	111
320	112
321	140
322	130
323	133
324	134
325	109
326	116
327	113
328	135
329	123
330	138
331	131
332	147
333	131
334	131
335	129
336	131
337	115
338	104
339	106
340	109
341	142
342	139
343	111
344	107
345	108
346	101
347	126
348	127
349	104
350	108
351	115
352	105
353	159
354	148
355	105
356	110
357	110
358	102
359	103
360	97
361	117
362	123
363	214
364	194
365	107
366	114
367	128
368	100
369	117
370	112
371	144
372	168
373	116
374	101
375	111
376	110
377	103
378	100
379	105
380	91
381	93
382	119
383	106
384	110
385	114
386	111
387	107
388	107
389	118
390	98
391	115
392	97
393	109
394	99
395	127
396	113
397	110
398	111
399	104
400	119
401	110
402	130
403	129
404	138
405	143
406	135
407	166
408	139
409	146
410	169
411	173
412	135
413	145
414	163
415	123
416	141
417	144
418	159
419	160
420	167
421	131
422	120
423	119
424	128
425	108
426	130
427	137
428	116
429	103
430	145
431	253
432	195
433	128
434	118
435	113
436	111
437	116
438	99
439	104
440	126
441	116
442	99
443	109
444	102
445	102
446	119
447	121
448	118
449	105
450	101
451	101
452	141
453	113
454	126
455	101
456	120
457	119
458	124
459	106
460	99
461	102
462	102
463	105
464	104
465	120
466	109
467	106
468	122
469	105
470	99
471	102
472	107
473	128
474	112
475	118
476	112
477	113
478	104
479	107
480	104
481	106
482	123
483	120
484	112
485	102
486	134
487	132
488	99
489	111
490	110
491	121
492	114
493	151
494	116
495	117
496	103
497	105
498	145
499	117
500	120
501	105
502	160
503	134
504	111
505	108
506	117
507	105
508	103
509	103
510	106
511	109
512	101
513	101
514	232
515	232
516	248
517	155
518	189
519	115
520	106
521	110
522	104
523	93
524	111
525	118
526	108
527	250
528	128
529	131
530	120
531	117
532	134
533	122
534	159
535	151
536	98
537	114
538	117
539	111
540	143
541	124
542	120
543	108
544	116
545	95
546	115
547	107
548	104
549	163
550	115
551	118
552	106
553	131
554	113
555	104
556	114
557	114
558	107
559	107
560	104
561	107
562	109
563	96
564	104
565	105
566	119
567	96
568	104
569	102
570	99
571	108
572	104
573	142
574	103
575	110
576	114
577	147
578	100
579	154
580	129
581	104
582	95
583	96
584	187
585	127
586	116
587	110
588	125
589	114
590	113
591	101
592	110
593	102
594	100
595	100
596	113
597	103
598	120
599	110
600	110
601	111
602	111
603	114
604	124
605	187
606	129
607	162
608	116
609	126
610	125
611	132
612	113
613	110
614	180
615	112
616	108
617	107
618	125
619	154
620	133
621	122
622	192
623	98
624	116
625	128
626	105
627	135
628	115
629	104
630	118
631	123
632	129
633	117
634	123
635	112
636	123
637	112
638	102
639	110
640	107
641	99
642	117
643	120
644	103
645	102
646	130
647	178
648	102
649	118
650	98
651	108
652	117
653	111
654	111
655	110
656	107
657	135
658	107
659	111
660	123
661	133
662	331
663	110
664	121
665	151
666	126
667	216
668	112
669	127
670	105
671	100
672	115
673	115
674	110
675	107
676	102
677	106
678	122
679	158
680	107
681	117
682	122
683	120
684	113
685	103
686	101
687	108
688	111
689	115
690	140
691	136
692	107
693	97
694	109
695	108
696	111
697	116
698	110
699	162
700	109
701	102
702	104
703	100
704	112
705	131
706	118
707	200
708	124
709	99
710	95
711	109
712	110
713	101
714	101
715	114
716	110
717	162
718	120
719	122
720	163
721	144
722	127
723	124
724	104
725	111
726	124
727	125
728	115
729	107
730	112
731	119
732	121
733	139
734	136
735	118
736	113
737	117
738	144
739	105
740	140
741	104
742	118
743	112
744	107
745	108
746	128
747	108
748	114
749	221
750	215
751	160
752	120
753	148
754	104
755	100
756	114
757	126
758	112
759	106
760	117
761	142
762	170
763	121
764	116
765	130
766	120
767	114
768	129
769	132
770	121
771	120
772	119
773	128
774	117
775	178
776	113
777	117
778	118
779	125
780	132
781	121
782	104
783	108
784	191
785	103
786	143
787	126
788	131
789	123
790	107
791	127
792	128
793	107
794	122
795	123
796	122
797	119
798	114
799	125
800	148
801	155
802	118
803	151
804	116
805	157
806	130
807	128
808	104
809	98
810	116
811	119
812	106
813	98
814	108
815	115
816	242
817	206
818	147
819	122
820	122
821	142
822	131
823	197
824	115
825	142
826	127
827	132
828	114
829	186
830	159
831	140
832	117
833	152
834	104
835	127
836	119
837	140
838	106
839	101
840	107
841	145
842	103
843	102
844	99
845	100
846	113
847	114
848	107
849	149
850	167
851	190
852	110
853	113
854	175
855	97
856	110
857	105
858	111
859	115
860	104
861	105
862	113
863	113
864	113
865	108
866	114
867	128
868	168
869	122
870	97
871	111
872	106
873	114
874	228
875	189
876	138
877	137
878	160
879	112
880	129
881	175
882	123
883	115
884	112
885	113
886	404
887	3394
888	218
889	164
890	162
891	210
892	137
893	116
894	138
895	139
896	203
897	560
898	203
899	138
900	150
901	114
902	131
903	204
904	139
905	123
906	108
907	100
908	214
909	110
910	110
911	116
912	111
913	201
914	110
915	132
916	128
917	106
918	452
919	119
920	113
921	103
922	131
923	134
924	113
925	153
926	109
927	184
928	121
929	109
930	231
931	138
932	120
933	145
934	147
935	159
936	113
937	129
938	181
939	127
940	123
941	115
942	172
943	113
944	124
945	139
946	109
947	117
948	107
949	126
950	122
951	119
952	126
953	115
954	123
955	112
956	128
957	116
958	103
959	117
960	112
961	117
962	108
963	107
964	122
965	102
966	112
967	166
968	143
969	120
970	110
971	114
972	187
973	299
974	156
975	103
976	113
977	109
978	115
979	105
980	120
981	155
982	138
983	210
984	168
985	120
986	121
987	100
988	109
989	148
990	112
991	124
992	109
993	133
994	127
995	124
996	100
997	107
998	105
999	116
1000	124
