run	ms
1	172
2	199
3	195
4	189
5	205
6	197
7	182
8	179
9	183
10	177
11	168
12	174
13	172
14	164
15	137
16	146
17	178
18	184
19	188
20	184
21	175
22	163
23	172
24	184
25	179
26	184
27	160
28	168
29	175
30	140
31	184
32	222
33	205
34	211
35	209
36	215
37	203
38	188
39	147
40	141
41	132
42	125
43	123
44	154
45	139
46	183
47	158
48	167
49	156
50	177
51	174
52	174
53	130
54	133
55	145
56	121
57	142
58	149
59	166
60	158
61	205
62	178
63	136
64	110
65	104
66	109
67	119
68	126
69	146
70	179
71	123
72	150
73	185
74	125
75	166
76	163
77	169
78	156
79	153
80	131
81	140
82	127
83	127
84	121
85	122
86	130
87	126
88	119
89	111
90	120
91	116
92	120
93	141
94	141
95	121
96	113
97	125
98	117
99	102
100	105
101	105
102	112
103	109
104	122
105	109
106	117
107	111
108	117
109	119
110	161
111	149
112	137
113	114
114	129
115	143
116	132
117	141
118	129
119	112
120	116
121	125
122	136
123	113
124	108
125	126
126	129
127	140
128	156
129	153
130	115
131	129
132	123
133	126
134	126
135	147
136	127
137	104
138	101
139	102
140	106
141	117
142	125
143	137
144	112
145	101
146	112
147	114
148	148
149	104
150	143
151	113
152	115
153	107
154	105
155	95
156	102
157	103
158	104
159	100
160	96
161	95
162	95
163	102
164	101
165	104
166	108
167	109
168	110
169	112
170	95
171	107
172	106
173	108
174	113
175	117
176	123
177	116
178	134
179	122
180	115
181	114
182	126
183	127
184	130
185	112
186	123
187	115
188	111
189	121
190	111
191	118
192	105
193	103
194	108
195	104
196	146
197	124
198	100
199	104
200	120
201	101
202	111
203	104
204	103
205	107
206	99
207	104
208	99
209	102
210	107
211	104
212	100
213	106
214	105
215	101
216	104
217	93
218	91
219	102
220	91
221	100
222	108
223	100
224	100
225	101
226	96
227	96
228	99
229	91
230	95
231	97
232	98
233	95
234	98
235	101
236	92
237	97
238	104
239	100
240	99
241	94
242	96
243	96
244	104
245	89
246	91
247	109
248	96
249	96
250	110
251	109
252	99
253	96
254	113
255	99
256	95
257	100
258	103
259	100
260	98
261	98
262	100
263	98
264	95
265	94
266	96
267	91
268	93
269	90
270	101
271	98
272	119
273	109
274	87
275	97
276	103
277	98
278	104
279	99
280	93
281	107
282	109
283	98
284	107
285	115
286	94
287	101
288	97
289	88
290	92
291	99
292	108
293	101
294	109
295	112
296	111
297	96
298	101
299	93
300	86
301	93
302	97
303	95
304	95
305	90
306	111
307	93
308	92
309	92
310	102
311	106
312	101
313	99
314	112
315	105
316	141
317	117
318	106
319	99
320	97
321	107
322	112
323	105
324	135
325	133
326	121
327	111
328	123
329	141
330	120
331	112
332	128
333	119
334	96
335	103
336	100
337	107
338	96
339	94
340	112
341	96
342	93
343	96
344	113
345	116
346	123
347	125
348	122
349	103
350	101
351	104
352	110
353	97
354	97
355	94
356	98
357	95
358	99
359	99
360	104
361	99
362	87
363	95
364	102
365	97
366	93
367	93
368	92
369	86
370	112
371	100
372	102
373	90
374	90
375	94
376	98
377	100
378	93
379	90
380	92
381	92
382	99
383	108
384	95
385	93
386	90
387	88
388	100
389	100
390	100
391	96
392	84
393	90
394	95
395	97
396	100
397	102
398	101
399	109
400	93
401	89
402	96
403	99
404	99
405	103
406	105
407	94
408	96
409	99
410	97
411	96
412	96
413	101
414	96
415	98
416	108
417	101
418	97
419	99
420	102
421	96
422	90
423	87
424	95
425	101
426	100
427	90
428	90
429	92
430	94
431	87
432	93
433	99
434	99
435	95
436	99
437	97
438	90
439	94
440	98
441	101
442	87
443	89
444	93
445	102
446	96
447	100
448	89
449	87
450	133
451	109
452	91
453	94
454	109
455	94
456	95
457	95
458	91
459	90
460	91
461	92
462	100
463	107
464	101
465	96
466	84
467	91
468	114
469	101
470	97
471	104
472	94
473	87
474	83
475	92
476	87
477	92
478	95
479	94
480	87
481	87
482	89
483	99
484	89
485	93
486	91
487	92
488	91
489	106
490	100
491	95
492	91
493	90
494	88
495	93
496	93
497	93
498	118
499	108
500	105
501	113
502	120
503	98
504	96
505	97
506	96
507	94
508	90
509	96
510	93
511	102
512	100
513	114
514	103
515	98
516	92
517	89
518	93
519	91
520	111
521	94
522	94
523	102
524	93
525	99
526	91
527	87
528	89
529	88
530	97
531	96
532	89
533	101
534	100
535	103
536	98
537	105
538	95
539	105
540	104
541	90
542	96
543	109
544	104
545	95
546	85
547	84
548	88
549	84
550	88
551	85
552	93
553	93
554	99
555	104
556	96
557	99
558	96
559	95
560	100
561	108
562	105
563	100
564	98
565	86
566	87
567	94
568	99
569	93
570	83
571	82
572	83
573	89
574	95
575	94
576	90
577	89
578	95
579	95
580	93
581	92
582	94
583	87
584	87
585	87
586	90
587	87
588	82
589	89
590	90
591	89
592	86
593	92
594	89
595	99
596	94
597	98
598	107
599	100
600	93
601	99
602	101
603	104
604	89
605	87
606	86
607	90
608	89
609	90
610	87
611	96
612	103
613	95
614	96
615	97
616	91
617	95
618	95
619	95
620	92
621	94
622	93
623	91
624	91
625	95
626	103
627	103
628	99
629	99
630	103
631	98
632	100
633	101
634	96
635	91
636	90
637	94
638	90
639	90
640	87
641	87
642	91
643	80
644	83
645	84
646	94
647	95
648	84
649	84
650	89
651	85
652	100
653	94
654	104
655	97
656	95
657	95
658	90
659	88
660	90
661	93
662	93
663	93
664	93
665	96
666	94
667	105
668	106
669	93
670	98
671	91
672	95
673	96
674	86
675	90
676	115
677	91
678	93
679	108
680	103
681	111
682	96
683	99
684	90
685	97
686	89
687	93
688	95
689	93
690	90
691	90
692	90
693	96
694	95
695	95
696	91
697	89
698	87
699	94
700	88
701	89
702	89
703	110
704	98
705	90
706	90
707	98
708	100
709	88
710	96
711	92
712	85
713	90
714	90
715	90
716	92
717	105
718	106
719	95
720	96
721	97
722	100
723	91
724	87
725	92
726	86
727	90
728	92
729	88
730	88
731	90
732	86
733	85
734	89
735	91
736	95
737	98
738	90
739	87
740	102
741	115
742	98
743	95
744	96
745	98
746	99
747	95
748	93
749	106
750	114
751	118
752	100
753	95
754	111
755	109
756	96
757	92
758	92
759	83
760	87
761	90
762	93
763	117
764	113
765	106
766	95
767	106
768	100
769	96
770	89
771	90
772	93
773	94
774	92
775	91
776	98
777	100
778	95
779	89
780	92
781	96
782	97
783	93
784	96
785	93
786	91
787	93
788	91
789	91
790	92
791	101
792	107
793	128
794	103
795	95
796	97
797	95
798	96
799	94
800	94
801	95
802	88
803	97
804	92
805	121
806	105
807	101
808	99
809	95
810	99
811	120
812	103
813	95
814	93
815	89
816	98
817	103
818	112
819	93
820	100
821	95
822	102
823	98
824	101
825	94
826	95
827	96
828	95
829	95
830	91
831	96
832	97
833	95
834	86
835	85
836	85
837	87
838	87
839	82
840	82
841	84
842	85
843	84
844	83
845	86
846	91
847	85
848	83
849	85
850	84
851	87
852	92
853	90
854	90
855	86
856	94
857	88
858	87
859	84
860	84
861	85
862	86
863	86
864	86
865	87
866	87
867	81
868	83
869	81
870	83
871	107
872	108
873	118
874	106
875	105
876	92
877	92
878	91
879	94
880	99
881	130
882	98
883	86
884	96
885	91
886	91
887	88
888	83
889	91
890	97
891	99
892	98
893	107
894	96
895	97
896	100
897	95
898	97
899	100
900	100
901	95
902	120
903	101
904	96
905	111
906	98
907	95
908	91
909	95
910	97
911	95
912	92
913	91
914	89
915	92
916	99
917	94
918	107
919	88
920	93
921	96
922	95
923	91
924	90
925	90
926	89
927	95
928	97
929	92
930	94
931	94
932	104
933	99
934	95
935	97
936	93
937	90
938	94
939	93
940	99
941	89
942	96
943	94
944	101
945	95
946	94
947	93
948	87
949	98
950	98
951	90
952	95
953	114
954	95
955	101
956	94
957	95
958	95
959	97
960	98
961	90
962	92
963	96
964	94
965	105
966	99
967	94
968	90
969	107
970	104
971	95
972	108
973	108
974	101
975	107
976	101
977	103
978	105
979	99
980	102
981	101
982	93
983	93
984	95
985	90
986	88
987	93
988	91
989	91
990	91
991	94
992	96
993	99
994	97
995	118
996	102
997	109
998	87
999	87
1000	91
