run	ms
1	546
2	365
3	373
4	366
5	400
6	403
7	384
8	394
9	384
10	370
11	320
12	343
13	317
14	422
15	321
16	316
17	357
18	329
19	346
20	376
21	327
22	346
23	289
24	374
25	368
26	346
27	345
28	340
29	386
30	300
31	305
32	320
33	303
34	294
35	368
36	387
37	255
38	277
39	327
40	302
41	326
42	345
43	311
44	273
45	251
46	272
47	287
48	284
49	258
50	278
51	284
52	272
53	316
54	263
55	262
56	290
57	294
58	296
59	271
60	277
61	323
62	351
63	399
64	357
65	311
66	305
67	309
68	302
69	269
70	294
71	611
72	629
73	329
74	328
75	268
76	249
77	308
78	328
79	391
80	312
81	282
82	280
83	266
84	280
85	270
86	259
87	250
88	279
89	299
90	263
91	340
92	264
93	238
94	284
95	275
96	275
97	234
98	242
99	255
100	247
101	242
102	243
103	279
104	262
105	247
106	471
107	291
108	270
109	287
110	266
111	257
112	238
113	261
114	274
115	261
116	267
117	245
118	248
119	249
120	257
121	347
122	314
123	258
124	285
125	250
126	308
127	240
128	276
129	252
130	251
131	233
132	256
133	254
134	248
135	257
136	320
137	259
138	270
139	263
140	264
141	259
142	267
143	274
144	261
145	288
146	498
147	252
148	267
149	252
150	300
151	253
152	284
153	260
154	278
155	258
156	367
157	284
158	288
159	268
160	276
161	275
162	244
163	259
164	256
165	261
166	229
167	295
168	354
169	353
170	346
171	345
172	264
173	411
174	342
175	266
176	249
177	257
178	256
179	317
180	268
181	265
182	253
183	258
184	232
185	256
186	253
187	267
188	265
189	263
190	259
191	248
192	250
193	270
194	269
195	226
196	243
197	294
198	263
199	250
200	285
201	282
202	225
203	247
204	306
205	261
206	271
207	261
208	246
209	272
210	244
211	267
212	293
213	302
214	248
215	342
216	295
217	298
218	478
219	300
220	290
221	258
222	268
223	274
224	285
225	338
226	365
227	252
228	299
229	341
230	289
231	291
232	314
233	286
234	285
235	268
236	299
237	328
238	280
239	275
240	262
241	275
242	303
243	299
244	287
245	265
246	275
247	243
248	245
249	238
250	248
251	248
252	299
253	282
254	261
255	249
256	270
257	448
258	316
259	263
260	269
261	287
262	286
263	296
264	303
265	253
266	277
267	349
268	292
269	266
270	272
271	361
272	506
273	486
274	819
275	479
276	362
277	359
278	383
279	377
280	379
281	313
282	303
283	268
284	293
285	315
286	331
287	394
288	348
289	274
290	347
291	311
292	256
293	298
294	272
295	279
296	272
297	284
298	258
299	292
300	258
301	266
302	278
303	295
304	297
305	316
306	265
307	521
308	272
309	295
310	308
311	326
312	307
313	292
314	278
315	236
316	270
317	307
318	246
319	272
320	270
321	259
322	251
323	251
324	231
325	242
326	260
327	338
328	292
329	268
330	251
331	259
332	281
333	308
334	278
335	302
336	352
337	284
338	271
339	283
340	275
341	296
342	285
343	258
344	313
345	286
346	268
347	317
348	306
349	323
350	363
351	337
352	414
353	450
354	387
355	327
356	365
357	427
358	357
359	348
360	343
361	387
362	428
363	377
364	358
365	327
366	309
367	313
368	381
369	450
370	313
371	304
372	369
373	355
374	276
375	290
376	296
377	316
378	291
379	267
380	263
381	257
382	277
383	290
384	258
385	279
386	253
387	237
388	261
389	252
390	280
391	248
392	269
393	250
394	304
395	260
396	235
397	253
398	272
399	265
400	258
401	259
402	270
403	268
404	244
405	342
406	263
407	253
408	252
409	258
410	282
411	312
412	244
413	272
414	316
415	253
416	274
417	271
418	247
419	232
420	257
421	263
422	251
423	265
424	243
425	251
426	252
427	252
428	301
429	315
430	268
431	234
432	255
433	269
434	272
435	265
436	235
437	230
438	228
439	254
440	239
441	227
442	239
443	244
444	449
445	242
446	263
447	249
448	217
449	250
450	239
451	248
452	258
453	246
454	254
455	296
456	258
457	225
458	251
459	271
460	249
461	249
462	347
463	433
464	257
465	242
466	282
467	255
468	245
469	249
470	323
471	309
472	263
473	253
474	326
475	293
476	409
477	329
478	303
479	274
480	309
481	312
482	257
483	286
484	280
485	281
486	266
487	260
488	273
489	297
490	295
491	263
492	255
493	299
494	308
495	256
496	271
497	281
498	252
499	252
500	266
501	272
502	250
503	248
504	288
505	263
506	234
507	431
508	280
509	243
510	242
511	251
512	248
513	258
514	251
515	244
516	265
517	242
518	223
519	242
520	241
521	234
522	269
523	245
524	263
525	263
526	261
527	258
528	236
529	276
530	233
531	288
532	269
533	285
534	315
535	268
536	297
537	242
538	297
539	336
540	351
541	262
542	289
543	283
544	255
545	272
546	347
547	318
548	345
549	327
550	322
551	336
552	318
553	334
554	321
555	340
556	337
557	360
558	318
559	395
560	398
561	398
562	308
563	295
564	297
565	310
566	336
567	322
568	368
569	335
570	293
571	343
572	280
573	374
574	277
575	275
576	271
577	273
578	246
579	258
580	247
581	290
582	274
583	279
584	308
585	274
586	255
587	275
588	255
589	248
590	288
591	256
592	352
593	281
594	255
595	260
596	376
597	475
598	278
599	264
600	252
601	294
602	251
603	354
604	589
605	504
606	306
607	275
608	272
609	266
610	289
611	263
612	247
613	238
614	245
615	237
616	248
617	238
618	276
619	253
620	1149
621	393
622	339
623	447
624	275
625	648
626	416
627	486
628	1002
629	1089
630	528
631	800
632	1362
633	1230
634	675
635	449
636	357
637	378
638	356
639	431
640	345
641	289
642	367
643	558
644	370
645	325
646	304
647	304
648	278
649	437
650	424
651	300
652	387
653	422
654	565
655	431
656	364
657	369
658	370
659	357
660	422
661	559
662	497
663	590
664	422
665	348
666	371
667	290
668	313
669	277
670	348
671	272
672	339
673	299
674	330
675	349
676	397
677	400
678	395
679	405
680	359
681	328
682	269
683	453
684	417
685	329
686	467
687	355
688	448
689	313
690	331
691	312
692	464
693	438
694	354
695	315
696	308
697	297
698	454
699	329
700	298
701	316
702	273
703	298
704	292
705	301
706	304
707	281
708	307
709	269
710	260
711	407
712	599
713	277
714	261
715	395
716	341
717	378
718	472
719	443
720	337
721	255
722	287
723	303
724	300
725	364
726	297
727	292
728	267
729	342
730	298
731	301
732	284
733	299
734	305
735	258
736	247
737	257
738	318
739	306
740	282
741	290
742	246
743	323
744	295
745	283
746	275
747	269
748	330
749	272
750	268
751	279
752	299
753	501
754	289
755	274
756	313
757	277
758	279
759	290
760	241
761	284
762	293
763	304
764	279
765	301
766	268
767	258
768	366
769	345
770	267
771	270
772	265
773	232
774	265
775	257
776	283
777	266
778	255
779	273
780	287
781	252
782	310
783	279
784	240
785	251
786	326
787	285
788	269
789	274
790	292
791	272
792	280
793	269
794	259
795	288
796	245
797	269
798	278
799	248
800	241
801	289
802	280
803	270
804	343
805	291
806	267
807	250
808	258
809	247
810	263
811	268
812	232
813	255
814	251
815	271
816	239
817	234
818	229
819	239
820	309
821	259
822	246
823	285
824	268
825	246
826	244
827	283
828	253
829	230
830	252
831	231
832	226
833	252
834	247
835	231
836	233
837	224
838	440
839	254
840	244
841	234
842	237
843	230
844	279
845	217
846	235
847	263
848	278
849	320
850	340
851	315
852	288
853	278
854	294
855	257
856	251
857	311
858	385
859	343
860	331
861	292
862	280
863	262
864	269
865	257
866	243
867	470
868	262
869	279
870	254
871	241
872	288
873	260
874	227
875	271
876	249
877	263
878	230
879	250
880	247
881	238
882	233
883	242
884	257
885	273
886	254
887	258
888	278
889	279
890	230
891	242
892	279
893	461
894	261
895	235
896	259
897	236
898	253
899	296
900	241
901	248
902	250
903	273
904	454
905	248
906	246
907	227
908	254
909	368
910	301
911	331
912	315
913	291
914	306
915	348
916	311
917	279
918	295
919	303
920	288
921	290
922	290
923	333
924	312
925	320
926	252
927	272
928	348
929	333
930	322
931	259
932	302
933	273
934	275
935	270
936	252
937	276
938	242
939	251
940	251
941	288
942	251
943	257
944	281
945	337
946	271
947	257
948	255
949	257
950	274
951	324
952	254
953	240
954	227
955	281
956	277
957	239
958	280
959	264
960	274
961	256
962	234
963	301
964	236
965	269
966	281
967	279
968	265
969	273
970	270
971	257
972	441
973	257
974	238
975	279
976	258
977	263
978	434
979	251
980	271
981	260
982	276
983	326
984	281
985	275
986	256
987	266
988	278
989	283
990	285
991	250
992	232
993	238
994	228
995	248
996	231
997	242
998	255
999	246
1000	231
