run	ms
1	288
2	225
3	170
4	140
5	147
6	126
7	132
8	133
9	126
10	131
11	125
12	128
13	139
14	136
15	132
16	134
17	115
18	125
19	128
20	106
21	108
22	131
23	101
24	106
25	117
26	128
27	121
28	119
29	126
30	136
31	119
32	114
33	102
34	99
35	111
36	100
37	110
38	118
39	125
40	111
41	112
42	97
43	127
44	90
45	103
46	103
47	107
48	126
49	112
50	112
51	119
52	99
53	97
54	99
55	116
56	103
57	101
58	97
59	103
60	101
61	85
62	97
63	98
64	96
65	84
66	91
67	98
68	111
69	103
70	99
71	92
72	92
73	102
74	97
75	94
76	96
77	97
78	96
79	97
80	99
81	106
82	102
83	114
84	97
85	91
86	106
87	108
88	91
89	98
90	97
91	100
92	99
93	98
94	94
95	94
96	98
97	96
98	114
99	99
100	91
101	92
102	96
103	89
104	94
105	90
106	90
107	98
108	93
109	93
110	94
111	94
112	98
113	100
114	90
115	100
116	106
117	104
118	93
119	99
120	103
121	96
122	84
123	96
124	87
125	99
126	102
127	100
128	121
129	88
130	89
131	90
132	92
133	103
134	90
135	96
136	98
137	92
138	95
139	94
140	94
141	97
142	95
143	93
144	88
145	88
146	105
147	98
148	92
149	89
150	91
151	99
152	98
153	98
154	88
155	94
156	92
157	95
158	96
159	96
160	91
161	87
162	93
163	106
164	106
165	88
166	94
167	96
168	92
169	100
170	93
171	92
172	89
173	91
174	222
175	93
176	90
177	93
178	96
179	96
180	93
181	96
182	88
183	88
184	94
185	92
186	98
187	98
188	93
189	88
190	91
191	95
192	107
193	90
194	98
195	95
196	96
197	92
198	102
199	95
200	93
201	90
202	90
203	94
204	96
205	99
206	90
207	106
208	101
209	84
210	87
211	92
212	90
213	94
214	93
215	86
216	94
217	121
218	91
219	95
220	94
221	88
222	91
223	93
224	91
225	94
226	88
227	91
228	89
229	101
230	94
231	90
232	92
233	95
234	90
235	94
236	91
237	94
238	94
239	95
240	94
241	101
242	115
243	152
244	233
245	99
246	99
247	102
248	96
249	95
250	94
251	96
252	93
253	104
254	100
255	94
256	98
257	92
258	103
259	102
260	99
261	89
262	98
263	100
264	101
265	89
266	94
267	93
268	96
269	90
270	86
271	99
272	97
273	95
274	95
275	98
276	100
277	101
278	93
279	97
280	94
281	87
282	97
283	102
284	93
285	92
286	91
287	87
288	92
289	93
290	96
291	93
292	96
293	90
294	98
295	97
296	97
297	92
298	98
299	95
300	96
301	99
302	90
303	94
304	99
305	93
306	104
307	94
308	92
309	92
310	93
311	93
312	92
313	87
314	93
315	99
316	106
317	115
318	100
319	99
320	99
321	86
322	88
323	92
324	89
325	91
326	100
327	94
328	86
329	89
330	89
331	97
332	84
333	92
334	92
335	91
336	82
337	91
338	97
339	86
340	91
341	83
342	88
343	90
344	89
345	92
346	92
347	97
348	93
349	85
350	97
351	92
352	80
353	88
354	93
355	91
356	90
357	90
358	88
359	94
360	81
361	91
362	92
363	92
364	85
365	94
366	88
367	94
368	87
369	88
370	88
371	93
372	92
373	94
374	90
375	92
376	95
377	95
378	92
379	87
380	99
381	90
382	84
383	94
384	95
385	94
386	90
387	88
388	88
389	92
390	93
391	90
392	92
393	87
394	87
395	88
396	85
397	90
398	87
399	86
400	87
401	86
402	85
403	85
404	88
405	90
406	91
407	91
408	93
409	88
410	88
411	95
412	89
413	96
414	94
415	102
416	92
417	90
418	86
419	90
420	86
421	96
422	88
423	90
424	88
425	93
426	93
427	89
428	89
429	84
430	89
431	90
432	91
433	91
434	90
435	84
436	84
437	91
438	91
439	94
440	84
441	86
442	89
443	87
444	90
445	94
446	91
447	90
448	93
449	93
450	91
451	93
452	92
453	91
454	84
455	92
456	91
457	92
458	93
459	90
460	93
461	94
462	94
463	89
464	92
465	87
466	90
467	93
468	90
469	87
470	85
471	94
472	88
473	100
474	92
475	93
476	91
477	87
478	87
479	88
480	90
481	88
482	89
483	90
484	93
485	87
486	90
487	92
488	91
489	95
490	88
491	92
492	91
493	104
494	99
495	94
496	92
497	89
498	94
499	94
500	95
501	92
502	94
503	95
504	93
505	95
506	97
507	92
508	96
509	89
510	91
511	97
512	96
513	94
514	93
515	95
516	97
517	94
518	96
519	101
520	93
521	93
522	93
523	86
524	91
525	91
526	91
527	91
528	103
529	88
530	93
531	92
532	91
533	92
534	89
535	96
536	94
537	88
538	88
539	90
540	92
541	90
542	86
543	96
544	95
545	90
546	89
547	96
548	90
549	85
550	95
551	93
552	92
553	98
554	91
555	87
556	94
557	98
558	87
559	86
560	91
561	83
562	86
563	90
564	91
565	88
566	88
567	84
568	98
569	90
570	87
571	101
572	99
573	90
574	89
575	100
576	102
577	97
578	93
579	100
580	91
581	95
582	97
583	100
584	102
585	92
586	97
587	98
588	96
589	101
590	98
591	103
592	103
593	98
594	99
595	96
596	97
597	99
598	102
599	103
600	103
601	96
602	105
603	97
604	98
605	99
606	101
607	98
608	100
609	93
610	94
611	93
612	98
613	98
614	83
615	91
616	96
617	94
618	87
619	87
620	94
621	89
622	95
623	86
624	95
625	92
626	91
627	89
628	91
629	91
630	83
631	96
632	95
633	96
634	96
635	95
636	95
637	95
638	94
639	98
640	93
641	96
642	108
643	91
644	101
645	89
646	86
647	89
648	99
649	90
650	91
651	96
652	115
653	103
654	100
655	100
656	101
657	98
658	97
659	95
660	98
661	106
662	98
663	92
664	95
665	102
666	102
667	90
668	97
669	89
670	88
671	85
672	91
673	91
674	88
675	97
676	85
677	95
678	98
679	97
680	98
681	89
682	109
683	99
684	97
685	97
686	94
687	88
688	98
689	93
690	92
691	93
692	95
693	88
694	99
695	90
696	93
697	95
698	84
699	98
700	88
701	103
702	84
703	88
704	94
705	94
706	90
707	101
708	93
709	94
710	94
711	96
712	102
713	99
714	94
715	97
716	89
717	89
718	86
719	89
720	85
721	87
722	88
723	88
724	86
725	88
726	90
727	90
728	86
729	88
730	94
731	97
732	96
733	95
734	88
735	99
736	101
737	101
738	95
739	99
740	89
741	91
742	90
743	90
744	87
745	97
746	95
747	98
748	94
749	91
750	98
751	87
752	89
753	95
754	95
755	93
756	93
757	90
758	88
759	101
760	99
761	96
762	93
763	85
764	91
765	90
766	93
767	90
768	91
769	94
770	94
771	92
772	90
773	95
774	92
775	93
776	94
777	87
778	94
779	81
780	89
781	89
782	91
783	92
784	91
785	86
786	95
787	95
788	86
789	87
790	87
791	91
792	92
793	93
794	95
795	92
796	90
797	94
798	97
799	94
800	93
801	92
802	95
803	96
804	96
805	95
806	92
807	96
808	96
809	93
810	90
811	101
812	92
813	87
814	90
815	89
816	99
817	91
818	94
819	89
820	89
821	102
822	93
823	85
824	83
825	94
826	94
827	92
828	93
829	91
830	88
831	94
832	91
833	88
834	86
835	89
836	89
837	92
838	88
839	92
840	96
841	107
842	94
843	87
844	89
845	94
846	92
847	90
848	90
849	93
850	98
851	94
852	89
853	90
854	96
855	94
856	80
857	98
858	101
859	92
860	95
861	96
862	87
863	100
864	96
865	99
866	87
867	92
868	95
869	97
870	106
871	105
872	114
873	113
874	118
875	102
876	101
877	97
878	507
879	90
880	93
881	99
882	93
883	97
884	93
885	93
886	89
887	102
888	93
889	94
890	93
891	99
892	93
893	94
894	90
895	93
896	99
897	89
898	89
899	92
900	88
901	95
902	92
903	93
904	93
905	86
906	86
907	92
908	95
909	96
910	94
911	94
912	92
913	88
914	94
915	97
916	98
917	94
918	94
919	93
920	95
921	96
922	93
923	92
924	92
925	95
926	94
927	94
928	87
929	92
930	93
931	93
932	94
933	92
934	94
935	90
936	86
937	87
938	93
939	86
940	89
941	87
942	89
943	93
944	102
945	97
946	93
947	94
948	89
949	92
950	93
951	89
952	92
953	91
954	89
955	93
956	97
957	96
958	95
959	97
960	93
961	101
962	91
963	93
964	92
965	93
966	94
967	98
968	94
969	94
970	95
971	100
972	88
973	88
974	89
975	93
976	95
977	88
978	94
979	93
980	91
981	95
982	87
983	88
984	88
985	90
986	89
987	95
988	93
989	93
990	88
991	98
992	94
993	94
994	95
995	97
996	93
997	85
998	99
999	98
1000	98
