run	ms
1	586
2	352
3	327
4	247
5	188
6	199
7	217
8	203
9	173
10	196
11	177
12	221
13	177
14	189
15	183
16	207
17	224
18	173
19	166
20	167
21	175
22	167
23	151
24	156
25	163
26	151
27	157
28	167
29	148
30	142
31	183
32	180
33	167
34	208
35	173
36	161
37	170
38	169
39	174
40	148
41	176
42	194
43	201
44	221
45	186
46	154
47	148
48	168
49	150
50	161
51	173
52	190
53	176
54	166
55	176
56	205
57	161
58	189
59	176
60	166
61	187
62	185
63	171
64	171
65	155
66	125
67	155
68	165
69	155
70	188
71	192
72	161
73	165
74	165
75	153
76	164
77	161
78	145
79	135
80	149
81	173
82	133
83	177
84	201
85	211
86	206
87	160
88	180
89	145
90	136
91	178
92	133
93	120
94	122
95	161
96	160
97	161
98	185
99	179
100	204
101	163
102	154
103	150
104	175
105	164
106	128
107	171
108	154
109	135
110	136
111	159
112	171
113	161
114	167
115	165
116	163
117	170
118	151
119	155
120	146
121	124
122	120
123	161
124	125
125	153
126	183
127	169
128	165
129	156
130	154
131	200
132	156
133	177
134	217
135	162
136	222
137	163
138	171
139	200
140	185
141	209
142	212
143	141
144	287
145	167
146	157
147	162
148	162
149	173
150	215
151	165
152	168
153	119
154	123
155	175
156	137
157	130
158	139
159	170
160	169
161	125
162	132
163	142
164	203
165	142
166	116
167	117
168	150
169	134
170	127
171	134
172	131
173	121
174	117
175	118
176	109
177	123
178	131
179	122
180	119
181	133
182	112
183	123
184	123
185	120
186	116
187	121
188	123
189	118
190	119
191	117
192	158
193	173
194	163
195	125
196	137
197	139
198	121
199	118
200	124
201	132
202	122
203	146
204	139
205	152
206	161
207	217
208	187
209	226
210	126
211	136
212	126
213	116
214	122
215	127
216	126
217	119
218	116
219	116
220	166
221	153
222	161
223	117
224	124
225	124
226	121
227	120
228	119
229	129
230	119
231	138
232	119
233	132
234	131
235	141
236	125
237	124
238	122
239	119
240	115
241	121
242	127
243	133
244	111
245	126
246	110
247	121
248	125
249	144
250	118
251	132
252	117
253	126
254	113
255	108
256	155
257	118
258	123
259	131
260	134
261	126
262	123
263	111
264	140
265	114
266	117
267	121
268	127
269	125
270	131
271	113
272	115
273	115
274	119
275	126
276	128
277	121
278	119
279	119
280	130
281	143
282	116
283	140
284	127
285	135
286	132
287	121
288	120
289	128
290	122
291	118
292	121
293	123
294	114
295	112
296	123
297	119
298	126
299	144
300	117
301	114
302	130
303	119
304	115
305	117
306	118
307	126
308	115
309	112
310	112
311	124
312	118
313	120
314	117
315	127
316	142
317	169
318	138
319	123
320	119
321	129
322	141
323	153
324	125
325	126
326	159
327	149
328	118
329	130
330	131
331	124
332	119
333	144
334	132
335	149
336	145
337	128
338	126
339	129
340	129
341	129
342	124
343	117
344	141
345	141
346	149
347	135
348	138
349	123
350	122
351	119
352	135
353	120
354	113
355	129
356	121
357	130
358	116
359	144
360	131
361	112
362	121
363	113
364	114
365	112
366	118
367	113
368	119
369	113
370	113
371	113
372	121
373	123
374	117
375	116
376	117
377	123
378	121
379	137
380	124
381	135
382	121
383	172
384	135
385	141
386	141
387	127
388	118
389	120
390	121
391	129
392	134
393	134
394	140
395	125
396	135
397	134
398	130
399	113
400	117
401	112
402	112
403	114
404	112
405	120
406	124
407	113
408	113
409	117
410	134
411	127
412	129
413	132
414	146
415	124
416	130
417	133
418	139
419	131
420	122
421	124
422	121
423	135
424	131
425	140
426	139
427	128
428	117
429	117
430	144
431	125
432	156
433	146
434	148
435	147
436	121
437	126
438	118
439	119
440	119
441	125
442	130
443	122
444	138
445	129
446	132
447	142
448	141
449	119
450	146
451	118
452	131
453	123
454	115
455	112
456	109
457	109
458	110
459	110
460	110
461	122
462	108
463	128
464	127
465	136
466	130
467	129
468	121
469	120
470	116
471	125
472	125
473	148
474	149
475	160
476	158
477	178
478	156
479	151
480	151
481	166
482	152
483	177
484	149
485	149
486	120
487	120
488	114
489	118
490	113
491	123
492	115
493	122
494	120
495	142
496	128
497	117
498	110
499	120
500	119
501	113
502	112
503	114
504	114
505	115
506	110
507	108
508	118
509	111
510	115
511	112
512	108
513	110
514	110
515	109
516	113
517	125
518	114
519	117
520	128
521	108
522	110
523	122
524	125
525	122
526	116
527	128
528	113
529	110
530	108
531	107
532	108
533	109
534	113
535	111
536	112
537	120
538	116
539	113
540	116
541	119
542	121
543	114
544	118
545	109
546	109
547	125
548	110
549	108
550	107
551	110
552	107
553	124
554	116
555	111
556	122
557	129
558	119
559	125
560	119
561	122
562	124
563	112
564	111
565	118
566	116
567	115
568	111
569	118
570	118
571	122
572	141
573	118
574	115
575	115
576	116
577	111
578	123
579	115
580	116
581	118
582	117
583	111
584	118
585	119
586	111
587	123
588	110
589	110
590	109
591	123
592	113
593	134
594	129
595	162
596	127
597	117
598	133
599	118
600	130
601	110
602	124
603	128
604	113
605	114
606	113
607	115
608	123
609	143
610	123
611	123
612	140
613	128
614	131
615	115
616	111
617	115
618	117
619	114
620	113
621	108
622	149
623	113
624	118
625	120
626	115
627	114
628	130
629	111
630	120
631	114
632	113
633	111
634	105
635	107
636	107
637	122
638	124
639	129
640	138
641	119
642	137
643	133
644	121
645	115
646	117
647	119
648	119
649	116
650	123
651	119
652	115
653	122
654	120
655	125
656	120
657	123
658	133
659	136
660	126
661	122
662	129
663	128
664	131
665	147
666	153
667	143
668	149
669	158
670	135
671	112
672	109
673	107
674	119
675	116
676	114
677	113
678	107
679	109
680	115
681	112
682	131
683	110
684	111
685	110
686	110
687	116
688	133
689	115
690	112
691	122
692	126
693	131
694	131
695	128
696	121
697	113
698	117
699	116
700	116
701	120
702	114
703	114
704	139
705	126
706	116
707	119
708	110
709	113
710	114
711	114
712	122
713	119
714	113
715	112
716	112
717	114
718	110
719	114
720	114
721	114
722	110
723	112
724	109
725	109
726	124
727	120
728	120
729	113
730	110
731	112
732	111
733	109
734	110
735	111
736	114
737	117
738	116
739	118
740	121
741	126
742	134
743	117
744	117
745	120
746	123
747	141
748	126
749	121
750	117
751	116
752	133
753	124
754	115
755	108
756	145
757	121
758	112
759	110
760	123
761	120
762	109
763	129
764	118
765	106
766	110
767	111
768	147
769	141
770	110
771	115
772	110
773	115
774	115
775	115
776	126
777	125
778	123
779	128
780	114
781	118
782	117
783	114
784	114
785	123
786	114
787	116
788	112
789	117
790	115
791	110
792	109
793	113
794	120
795	111
796	111
797	120
798	116
799	120
800	129
801	119
802	139
803	123
804	118
805	129
806	121
807	114
808	115
809	139
810	115
811	114
812	114
813	128
814	123
815	115
816	137
817	119
818	120
819	123
820	116
821	116
822	107
823	107
824	116
825	111
826	113
827	111
828	113
829	110
830	108
831	111
832	108
833	111
834	112
835	113
836	108
837	108
838	107
839	114
840	111
841	109
842	108
843	105
844	109
845	112
846	114
847	109
848	110
849	111
850	117
851	107
852	114
853	113
854	108
855	113
856	115
857	115
858	119
859	108
860	110
861	110
862	110
863	106
864	113
865	115
866	111
867	114
868	152
869	115
870	116
871	112
872	110
873	110
874	113
875	109
876	123
877	111
878	106
879	108
880	106
881	109
882	110
883	119
884	117
885	111
886	112
887	116
888	113
889	122
890	118
891	132
892	119
893	113
894	117
895	120
896	130
897	122
898	116
899	113
900	113
901	108
902	112
903	109
904	110
905	109
906	110
907	114
908	114
909	105
910	113
911	111
912	113
913	109
914	111
915	147
916	147
917	147
918	139
919	143
920	148
921	137
922	137
923	149
924	146
925	139
926	147
927	141
928	144
929	193
930	157
931	166
932	172
933	147
934	113
935	121
936	117
937	125
938	114
939	115
940	116
941	113
942	120
943	117
944	119
945	115
946	138
947	130
948	134
949	120
950	131
951	120
952	119
953	119
954	114
955	118
956	114
957	114
958	115
959	112
960	112
961	114
962	114
963	115
964	118
965	117
966	117
967	118
968	130
969	121
970	145
971	127
972	136
973	137
974	126
975	138
976	137
977	116
978	132
979	126
980	134
981	118
982	128
983	132
984	147
985	117
986	112
987	119
988	141
989	137
990	128
991	158
992	123
993	115
994	124
995	122
996	132
997	128
998	122
999	139
1000	128
