run	ms
1	350
2	264
3	257
4	207
5	216
6	189
7	197
8	189
9	173
10	192
11	170
12	192
13	191
14	181
15	183
16	182
17	169
18	173
19	204
20	163
21	159
22	186
23	160
24	163
25	181
26	166
27	172
28	165
29	159
30	180
31	198
32	188
33	140
34	145
35	148
36	154
37	176
38	152
39	185
40	175
41	169
42	155
43	164
44	144
45	140
46	141
47	167
48	202
49	159
50	144
51	149
52	148
53	142
54	160
55	150
56	173
57	173
58	158
59	180
60	187
61	149
62	147
63	146
64	146
65	145
66	136
67	138
68	159
69	179
70	163
71	165
72	139
73	144
74	141
75	148
76	156
77	147
78	144
79	147
80	150
81	150
82	159
83	190
84	145
85	146
86	158
87	147
88	145
89	139
90	161
91	147
92	147
93	151
94	140
95	155
96	146
97	139
98	150
99	166
100	149
101	143
102	136
103	142
104	144
105	161
106	153
107	146
108	142
109	148
110	155
111	168
112	196
113	160
114	151
115	147
116	144
117	146
118	143
119	141
120	143
121	147
122	153
123	159
124	147
125	146
126	166
127	159
128	190
129	147
130	154
131	144
132	146
133	146
134	145
135	141
136	143
137	137
138	149
139	158
140	150
141	148
142	152
143	145
144	138
145	137
146	149
147	177
148	153
149	154
150	138
151	149
152	148
153	154
154	147
155	154
156	142
157	147
158	147
159	167
160	151
161	143
162	144
163	144
164	153
165	144
166	139
167	149
168	142
169	200
170	286
171	245
172	146
173	159
174	139
175	141
176	142
177	134
178	141
179	136
180	139
181	138
182	132
183	140
184	139
185	147
186	146
187	149
188	149
189	145
190	134
191	137
192	146
193	152
194	146
195	142
196	133
197	152
198	134
199	136
200	145
201	140
202	139
203	133
204	201
205	241
206	153
207	149
208	151
209	135
210	138
211	132
212	139
213	137
214	142
215	133
216	147
217	137
218	136
219	139
220	146
221	138
222	132
223	126
224	128
225	137
226	139
227	133
228	139
229	149
230	141
231	139
232	145
233	171
234	139
235	166
236	150
237	183
238	153
239	148
240	137
241	168
242	153
243	155
244	159
245	144
246	158
247	198
248	139
249	141
250	144
251	142
252	137
253	136
254	131
255	129
256	142
257	146
258	136
259	146
260	129
261	136
262	136
263	129
264	141
265	143
266	137
267	142
268	140
269	148
270	138
271	143
272	135
273	137
274	143
275	201
276	141
277	135
278	172
279	167
280	159
281	139
282	143
283	149
284	136
285	141
286	131
287	129
288	145
289	137
290	139
291	144
292	174
293	146
294	143
295	140
296	149
297	150
298	138
299	139
300	133
301	132
302	139
303	141
304	140
305	137
306	152
307	137
308	130
309	128
310	131
311	134
312	130
313	132
314	134
315	131
316	142
317	142
318	144
319	127
320	134
321	133
322	149
323	141
324	138
325	129
326	130
327	138
328	137
329	132
330	131
331	128
332	133
333	139
334	130
335	136
336	136
337	124
338	121
339	128
340	126
341	130
342	125
343	127
344	140
345	138
346	130
347	132
348	168
349	126
350	127
351	142
352	147
353	159
354	146
355	146
356	137
357	138
358	153
359	141
360	138
361	140
362	139
363	148
364	133
365	134
366	130
367	139
368	161
369	136
370	139
371	133
372	134
373	155
374	144
375	132
376	137
377	140
378	136
379	140
380	140
381	134
382	138
383	137
384	133
385	140
386	131
387	142
388	133
389	139
390	128
391	125
392	131
393	121
394	129
395	139
396	132
397	128
398	130
399	130
400	150
401	137
402	137
403	137
404	133
405	153
406	130
407	131
408	131
409	130
410	137
411	194
412	128
413	145
414	128
415	131
416	186
417	145
418	138
419	148
420	145
421	143
422	136
423	140
424	140
425	135
426	132
427	134
428	137
429	134
430	131
431	133
432	135
433	129
434	142
435	136
436	140
437	135
438	141
439	151
440	144
441	137
442	144
443	127
444	127
445	147
446	149
447	142
448	143
449	174
450	141
451	148
452	140
453	137
454	197
455	147
456	140
457	140
458	141
459	185
460	166
461	128
462	140
463	133
464	135
465	145
466	133
467	129
468	142
469	139
470	140
471	137
472	135
473	155
474	159
475	151
476	142
477	150
478	149
479	147
480	139
481	142
482	138
483	146
484	137
485	133
486	135
487	153
488	157
489	144
490	135
491	132
492	138
493	165
494	133
495	135
496	132
497	136
498	134
499	143
500	157
501	138
502	135
503	135
504	132
505	177
506	148
507	154
508	140
509	138
510	201
511	132
512	127
513	129
514	136
515	180
516	141
517	142
518	143
519	134
520	162
521	134
522	139
523	139
524	138
525	147
526	131
527	128
528	133
529	132
530	129
531	193
532	127
533	128
534	133
535	130
536	131
537	145
538	130
539	123
540	126
541	129
542	132
543	125
544	119
545	128
546	129
547	174
548	125
549	133
550	134
551	137
552	156
553	147
554	139
555	130
556	127
557	160
558	136
559	138
560	128
561	126
562	164
563	137
564	128
565	131
566	130
567	147
568	149
569	146
570	143
571	136
572	133
573	148
574	142
575	138
576	139
577	141
578	153
579	142
580	136
581	143
582	141
583	140
584	171
585	138
586	140
587	137
588	139
589	140
590	132
591	136
592	129
593	157
594	133
595	135
596	131
597	146
598	186
599	149
600	150
601	130
602	126
603	156
604	137
605	135
606	127
607	138
608	134
609	214
610	123
611	127
612	144
613	140
614	175
615	152
616	140
617	133
618	136
619	136
620	136
621	170
622	168
623	135
624	136
625	128
626	132
627	133
628	128
629	132
630	136
631	134
632	132
633	132
634	136
635	136
636	139
637	138
638	127
639	160
640	137
641	136
642	139
643	129
644	152
645	130
646	132
647	130
648	145
649	140
650	164
651	141
652	140
653	140
654	138
655	131
656	180
657	131
658	128
659	127
660	130
661	210
662	128
663	125
664	127
665	148
666	182
667	188
668	131
669	124
670	128
671	135
672	169
673	129
674	135
675	126
676	129
677	134
678	125
679	136
680	127
681	131
682	131
683	127
684	129
685	124
686	156
687	140
688	125
689	132
690	136
691	136
692	140
693	136
694	135
695	131
696	133
697	131
698	151
699	126
700	125
701	129
702	128
703	125
704	177
705	131
706	133
707	122
708	133
709	139
710	162
711	134
712	144
713	132
714	137
715	144
716	181
717	135
718	134
719	129
720	131
721	127
722	176
723	134
724	126
725	131
726	131
727	150
728	126
729	131
730	130
731	135
732	139
733	134
734	134
735	130
736	133
737	131
738	155
739	129
740	128
741	129
742	129
743	134
744	141
745	124
746	138
747	131
748	129
749	171
750	142
751	136
752	136
753	133
754	162
755	137
756	139
757	138
758	160
759	165
760	133
761	135
762	127
763	167
764	140
765	129
766	138
767	139
768	139
769	147
770	146
771	156
772	128
773	132
774	139
775	148
776	153
777	141
778	135
779	135
780	158
781	155
782	134
783	157
784	147
785	157
786	140
787	134
788	141
789	144
790	161
791	128
792	132
793	123
794	123
795	138
796	158
797	143
798	139
799	137
800	153
801	129
802	136
803	134
804	137
805	166
806	133
807	136
808	129
809	131
810	165
811	130
812	130
813	131
814	132
815	137
816	133
817	135
818	132
819	135
820	173
821	124
822	129
823	132
824	126
825	128
826	131
827	122
828	127
829	156
830	127
831	135
832	137
833	126
834	142
835	124
836	127
837	127
838	131
839	146
840	122
841	122
842	132
843	124
844	142
845	126
846	126
847	127
848	134
849	136
850	143
851	135
852	132
853	133
854	134
855	142
856	124
857	127
858	136
859	128
860	127
861	128
862	128
863	134
864	127
865	122
866	132
867	129
868	130
869	137
870	131
871	132
872	135
873	128
874	123
875	125
876	124
877	130
878	127
879	123
880	121
881	126
882	124
883	122
884	125
885	125
886	131
887	130
888	123
889	130
890	129
891	139
892	132
893	131
894	129
895	132
896	133
897	135
898	134
899	142
900	129
901	137
902	130
903	140
904	136
905	133
906	133
907	129
908	131
909	132
910	127
911	127
912	131
913	127
914	136
915	155
916	170
917	135
918	141
919	152
920	143
921	162
922	162
923	158
924	147
925	142
926	143
927	133
928	148
929	136
930	132
931	137
932	136
933	131
934	131
935	135
936	139
937	141
938	138
939	136
940	140
941	137
942	158
943	137
944	140
945	141
946	136
947	139
948	128
949	128
950	129
951	128
952	130
953	129
954	126
955	121
956	131
957	124
958	133
959	135
960	130
961	133
962	125
963	129
964	132
965	132
966	129
967	129
968	131
969	133
970	133
971	134
972	125
973	130
974	135
975	132
976	141
977	126
978	128
979	130
980	127
981	138
982	133
983	129
984	133
985	128
986	136
987	142
988	129
989	123
990	124
991	134
992	131
993	129
994	129
995	142
996	131
997	121
998	139
999	143
1000	154
